0 0.06549520766773163 0.8636363636363636 0.07028753993610223 0.09659090909090909
0 0.054313099041533544 0.7272727272727273 0.07348242811501597 0.11363636363636363
0 0.16293929712460065 0.7357954545454546 0.0670926517571885 0.10795454545454546
0 0.16613418530351437 0.8821022727272727 0.06389776357827476 0.10511363636363637
0 0.26198083067092653 0.8863636363636364 0.0670926517571885 0.11363636363636363
0 0.26517571884984026 0.7428977272727273 0.07348242811501597 0.1278409090909091
0 0.3889776357827476 0.90625 0.05910543130990415 0.09659090909090909
0 0.3698083067092652 0.7571022727272727 0.06230031948881789 0.10511363636363637
0 0.49121405750798725 0.9105113636363636 0.052715654952076675 0.11647727272727272
0 0.49121405750798725 0.7613636363636364 0.06230031948881789 0.125
0 0.6038338658146964 0.9247159090909091 0.07987220447284345 0.11647727272727272
0 0.6094249201277955 0.7741477272727273 0.04952076677316294 0.10511363636363637
0 0.7340255591054313 0.9389204545454546 0.07507987220447285 0.12215909090909091
0 0.7212460063897763 0.7940340909090909 0.07188498402555911 0.12215909090909091
0 0.8458466453674122 0.8153409090909091 0.07188498402555911 0.13068181818181818
0 0.8506389776357828 0.9460227272727273 0.08146964856230032 0.10795454545454546
0 0.9656549520766773 0.9517045454545454 0.06869009584664537 0.09659090909090909
0 0.963258785942492 0.8025568181818182 0.07348242811501597 0.11079545454545454
0 0.9672523961661342 0.6463068181818182 0.06230031948881789 0.11079545454545454
0 0.847444089456869 0.6463068181818182 0.07507987220447285 0.11647727272727272
0 0.7228434504792333 0.6278409090909091 0.08466453674121406 0.11931818181818182
0 0.6070287539936102 0.625 0.05750798722044728 0.11363636363636363
0 0.48722044728434505 0.6079545454545454 0.06389776357827476 0.10227272727272728
0 0.3777955271565495 0.6065340909090909 0.06230031948881789 0.09375
0 0.26996805111821087 0.5909090909090909 0.07028753993610223 0.10795454545454546
0 0.15814696485623003 0.59375 0.05750798722044728 0.10795454545454546
0 0.05990415335463259 0.5852272727272727 0.07188498402555911 0.09659090909090909
0 0.054313099041533544 0.4446022727272727 0.07028753993610223 0.10511363636363637
0 0.15654952076677317 0.4460227272727273 0.07667731629392971 0.11931818181818182
0 0.2659744408945687 0.4474431818181818 0.06869009584664537 0.11079545454545454
0 0.3746006389776358 0.4659090909090909 0.06869009584664537 0.09090909090909091
0 0.48722044728434505 0.46875 0.051118210862619806 0.09090909090909091
0 0.5998402555910544 0.46875 0.06230031948881789 0.10227272727272728
0 0.7284345047923323 0.4758522727272727 0.07028753993610223 0.11647727272727272
0 0.8434504792332268 0.4815340909090909 0.07987220447284345 0.11079545454545454
0 0.9680511182108626 0.4914772727272727 0.06389776357827476 0.11931818181818182
0 0.9656549520766773 0.328125 0.06869009584664537 0.11647727272727272
0 0.8458466453674122 0.31676136363636365 0.07188498402555911 0.09943181818181818
0 0.7204472843450479 0.3196022727272727 0.07987220447284345 0.10511363636363637
0 0.6110223642172524 0.3153409090909091 0.04952076677316294 0.10795454545454546
0 0.48961661341853036 0.3125 0.06549520766773163 0.11931818181818182
0 0.3746006389776358 0.2997159090909091 0.06869009584664537 0.12215909090909091
0 0.26996805111821087 0.2997159090909091 0.0670926517571885 0.10511363636363637
0 0.05511182108626198 0.296875 0.07827476038338659 0.11647727272727272
0 0.05830670926517572 0.1590909090909091 0.05591054313099041 0.09659090909090909
0 0.15894568690095848 0.14772727272727273 0.06549520766773163 0.10227272727272728
0 0.26038338658146964 0.15198863636363635 0.06389776357827476 0.11647727272727272
0 0.3698083067092652 0.1534090909090909 0.06549520766773163 0.11931818181818182
0 0.48322683706070285 0.17329545454545456 0.07507987220447285 0.11931818181818182
0 0.6006389776357828 0.15198863636363635 0.07028753993610223 0.13920454545454544
0 0.7196485623003195 0.1534090909090909 0.06549520766773163 0.11363636363636363
0 0.8410543130990416 0.16051136363636365 0.07188498402555911 0.1278409090909091
0 0.9616613418530351 0.17897727272727273 0.07667731629392971 0.11363636363636363
0 0.957667731629393 0.03835227272727273 0.06869009584664537 0.07670454545454546
0 0.8378594249201278 0.032670454545454544 0.05591054313099041 0.06534090909090909
0 0.7204472843450479 0.028409090909090908 0.06389776357827476 0.056818181818181816
0 0.5990415335463258 0.032670454545454544 0.0670926517571885 0.06534090909090909
0 0.48801916932907347 0.03551136363636364 0.06549520766773163 0.07102272727272728
0 0.3706070287539936 0.03125 0.054313099041533544 0.0625
0 0.26277955271565495 0.028409090909090908 0.07188498402555911 0.056818181818181816
0 0.15495207667731628 0.03551136363636364 0.07348242811501597 0.07102272727272728
0 0.04952076677316294 0.032670454545454544 0.07028753993610223 0.06534090909090909
