0 0.7348242811501597 0.9496402877697842 0.05750798722044728 0.10071942446043165
0 0.8083067092651757 0.6678657074340527 0.07987220447284345 0.11270983213429256
0 0.7084664536741214 0.6678657074340527 0.06549520766773163 0.09832134292565947
0 0.6190095846645367 0.6714628297362111 0.08146964856230032 0.10551558752997602
0 0.5223642172523961 0.6726618705035972 0.0670926517571885 0.1079136690647482
0 0.4273162939297125 0.6714628297362111 0.05910543130990415 0.11031175059952038
0 0.3402555910543131 0.6714628297362111 0.07667731629392971 0.13908872901678657
0 0.2292332268370607 0.6810551558752997 0.06869009584664537 0.11990407673860912
0 0.13178913738019168 0.6678657074340527 0.08146964856230032 0.09832134292565947
0 0.17092651757188498 0.08992805755395683 0.14376996805111822 0.17985611510791366
0 0.3634185303514377 0.05875299760191847 0.10702875399361023 0.11750599520383694
0 0.13099041533546327 0.8321342925659473 0.07667731629392971 0.12949640287769784
0 0.24201277955271566 0.8261390887290168 0.06549520766773163 0.10311750599520383
0 0.33865814696485624 0.8273381294964028 0.06389776357827476 0.11510791366906475
0 0.43370607028753994 0.8237410071942446 0.06869009584664537 0.11750599520383694
0 0.5383386581469649 0.8237410071942446 0.06389776357827476 0.12709832134292565
0 0.634185303514377 0.8177458033573142 0.07348242811501597 0.12470023980815348
0 0.7212460063897763 0.8105515587529976 0.05910543130990415 0.10071942446043165
0 0.9105431309904153 0.8033573141486811 0.07987220447284345 0.11031175059952038
0 0.8178913738019169 0.8237410071942446 0.06070287539936102 0.1079136690647482
0 0.9161341853035144 0.947242206235012 0.04952076677316294 0.09112709832134293
0 0.8306709265175719 0.9424460431654677 0.07667731629392971 0.11510791366906475
0 0.8961661341853036 0.6750599520383693 0.06389776357827476 0.07913669064748201
0 0.6293929712460063 0.947242206235012 0.07028753993610223 0.09592326139088729
0 0.5415335463258786 0.9508393285371702 0.07028753993610223 0.09832134292565947
0 0.4440894568690096 0.9556354916067147 0.051118210862619806 0.08872901678657075
0 0.34824281150159747 0.9508393285371702 0.08626198083067092 0.09832134292565947
0 0.25798722044728434 0.9484412470023981 0.06230031948881789 0.10311750599520383
0 0.15175718849840256 0.9544364508393285 0.08626198083067092 0.09112709832134293
0 0.9784345047923323 0.8129496402877698 0.04313099041533546 0.12470023980815348
0 0.2036741214057508 0.36810551558752996 0.07827476038338659 0.13189448441247004
0 0.3075079872204473 0.38369304556354916 0.08466453674121406 0.12470023980815348
0 0.4097444089456869 0.38369304556354916 0.0878594249201278 0.11990407673860912
0 0.3961661341853035 0.24700239808153476 0.07667731629392971 0.12470023980815348
0 0.5039936102236422 0.2422062350119904 0.06549520766773163 0.11510791366906475
0 0.5926517571884984 0.2565947242206235 0.07028753993610223 0.12949640287769784
0 0.6916932907348243 0.25539568345323743 0.0670926517571885 0.1223021582733813
0 0.7675718849840255 0.14028776978417265 0.07188498402555911 0.1223021582733813
0 0.8610223642172524 0.1366906474820144 0.0670926517571885 0.09592326139088729
0 0.8698083067092651 0.27817745803357313 0.07507987220447285 0.11990407673860912
0 0.7787539936102237 0.2829736211031175 0.06549520766773163 0.09592326139088729
0 0.8769968051118211 0.4028776978417266 0.08626198083067092 0.11031175059952038
0 0.7819488817891374 0.39448441247002397 0.06869009584664537 0.10311750599520383
0 0.6932907348242812 0.41007194244604317 0.07348242811501597 0.09592326139088729
0 0.5982428115015974 0.39568345323741005 0.07827476038338659 0.11990407673860912
0 0.5047923322683706 0.381294964028777 0.054313099041533544 0.07194244604316546
0 0.0926517571884984 0.35611510791366907 0.07348242811501597 0.12709832134292565
0 0.12300319488817892 0.5203836930455635 0.07348242811501597 0.11990407673860912
0 0.213258785942492 0.5251798561151079 0.08146964856230032 0.12470023980815348
0 0.3194888178913738 0.5335731414868106 0.08306709265175719 0.11270983213429256
0 0.41613418530351437 0.5347721822541966 0.08146964856230032 0.11990407673860912
0 0.5207667731629393 0.5311750599520384 0.07667731629392971 0.1079136690647482
0 0.7108626198083067 0.5275779376498801 0.07987220447284345 0.12470023980815348
0 0.7963258785942492 0.5347721822541966 0.07827476038338659 0.10071942446043165
0 0.8913738019169329 0.5443645083932853 0.08306709265175719 0.12470023980815348
0 0.9712460063897763 0.5275779376498801 0.05750798722044728 0.11031175059952038
0 0.9728434504792333 0.6666666666666666 0.054313099041533544 0.10071942446043165
