0 0.5097024579560155 0.6834451901565995 0.1371280724450194 0.21252796420581654
0 0.47347994825355755 0.9205816554809844 0.12160413971539456 0.15436241610738255
0 0.6649417852522639 0.9116331096196868 0.14747736093143596 0.17225950782997762
0 0.7470892626131953 0.6778523489932886 0.1332470892626132 0.2371364653243848
0 0.8745148771021992 0.9239373601789709 0.15265200517464425 0.1476510067114094
0 0.9469598965071151 0.6655480984340044 0.10608020698576973 0.23042505592841164
0 0.04851228978007762 0.11297539149888143 0.09702457956015524 0.19463087248322147
0 0.2626131953428202 0.1331096196868009 0.12160413971539456 0.19910514541387025
0 0.4896507115135834 0.12416107382550336 0.11513583441138421 0.19463087248322147
0 0.6979301423027167 0.12639821029082773 0.13583441138421734 0.203579418344519
0 0.8939197930142303 0.1185682326621924 0.12160413971539456 0.20134228187919462
0 0.833764553686934 0.39932885906040266 0.13065976714100905 0.21252796420581654
0 0.6144890038809832 0.4272930648769575 0.15265200517464425 0.29082774049217003
0 0.4023285899094437 0.4004474272930649 0.12677878395860284 0.21476510067114093
0 0.1539456662354463 0.4082774049217002 0.1500646830530401 0.23042505592841164
0 0.059508408796895215 0.7125279642058165 0.11901681759379043 0.28859060402684567
0 0.0646830530401035 0.9205816554809844 0.129366106080207 0.15436241610738255
0 0.2871927554980595 0.6812080536912751 0.1448900388098318 0.21700223713646533
0 0.2910737386804657 0.9328859060402684 0.129366106080207 0.1297539149888143
