0 0.495 0.95625 0.06666666666666667 0.0875
0 0.5391666666666667 0.85125 0.058333333333333334 0.0925
0 0.45166666666666666 0.85625 0.07333333333333333 0.1075
0 0.4125 0.96125 0.07166666666666667 0.0775
0 0.3333333333333333 0.96875 0.05333333333333334 0.0625
0 0.37083333333333335 0.845 0.06833333333333333 0.095
0 0.2975 0.8425 0.06166666666666667 0.09
0 0.2475 0.95625 0.065 0.0875
0 0.1675 0.95625 0.06166666666666667 0.0675
0 0.21 0.8375 0.06333333333333334 0.095
0 0.13333333333333333 0.8525 0.08 0.115
0 0.0825 0.95625 0.07166666666666667 0.0875
0 0.0175 0.9625 0.035 0.075
0 0.5808333333333333 0.95875 0.051666666666666666 0.0825
0 0.6241666666666666 0.85 0.058333333333333334 0.09
0 0.7008333333333333 0.85125 0.06166666666666667 0.1025
0 0.6675 0.9575 0.07166666666666667 0.085
0 0.745 0.95125 0.07333333333333333 0.0975
0 0.785 0.83875 0.05333333333333334 0.0875
0 0.8666666666666667 0.84 0.07 0.085
0 0.8283333333333334 0.95625 0.06666666666666667 0.0875
0 0.9525 0.84625 0.08166666666666667 0.1125
0 0.9775 0.95125 0.045 0.0975
0 0.9483333333333334 0.61875 0.07 0.0775
0 0.8675 0.6225 0.075 0.095
0 0.7841666666666667 0.61 0.06166666666666667 0.095
0 0.705 0.61125 0.07 0.0975
0 0.625 0.6175 0.07 0.095
0 0.5408333333333334 0.62125 0.06166666666666667 0.0925
0 0.46 0.615 0.06666666666666667 0.095
0 0.37666666666666665 0.62125 0.07333333333333333 0.1025
0 0.29583333333333334 0.6125 0.06166666666666667 0.105
0 0.21166666666666667 0.61875 0.06666666666666667 0.1025
0 0.1325 0.6175 0.07166666666666667 0.11
0 0.04583333333333333 0.6125 0.065 0.095
0 0.025 0.505 0.05 0.105
0 0.09666666666666666 0.5025 0.06333333333333334 0.085
0 0.17166666666666666 0.5025 0.07666666666666666 0.11
0 0.24916666666666668 0.50875 0.06166666666666667 0.0875
0 0.335 0.5075 0.056666666666666664 0.095
0 0.4125 0.505 0.06833333333333333 0.09
0 0.49916666666666665 0.50375 0.06833333333333333 0.0925
0 0.5841666666666666 0.4925 0.065 0.1
0 0.665 0.5025 0.06 0.095
0 0.7433333333333333 0.4975 0.06 0.09
0 0.8233333333333334 0.49875 0.06333333333333334 0.0875
0 0.9033333333333333 0.50125 0.06666666666666667 0.0775
0 0.9733333333333334 0.49625 0.05333333333333334 0.0775
0 0.945 0.38375 0.06666666666666667 0.0975
0 0.87 0.3925 0.08 0.095
0 0.7808333333333334 0.3875 0.04833333333333333 0.075
0 0.6983333333333334 0.39125 0.043333333333333335 0.0625
0 0.6183333333333333 0.38625 0.05333333333333334 0.0775
0 0.5383333333333333 0.3875 0.06 0.095
0 0.4583333333333333 0.38625 0.07 0.1075
0 0.3775 0.38625 0.07166666666666667 0.1025
0 0.295 0.39125 0.07 0.0925
0 0.2125 0.39875 0.058333333333333334 0.0875
0 0.13833333333333334 0.395 0.08 0.1
0 0.060833333333333336 0.39625 0.07166666666666667 0.1025
0 0.03 0.2775 0.06 0.095
0 0.0975 0.28 0.065 0.09
0 0.175 0.26625 0.07 0.0975
0 0.25333333333333335 0.27 0.06666666666666667 0.105
0 0.33166666666666667 0.2675 0.06333333333333334 0.095
0 0.41583333333333333 0.26625 0.058333333333333334 0.0875
0 0.49666666666666665 0.2675 0.06333333333333334 0.1
0 0.5741666666666667 0.2825 0.045 0.06
0 0.6641666666666667 0.27 0.07166666666666667 0.11
0 0.7408333333333333 0.27125 0.06166666666666667 0.1025
0 0.8191666666666667 0.27125 0.07833333333333334 0.1075
0 0.9058333333333334 0.2675 0.075 0.095
0 0.9741666666666666 0.28625 0.051666666666666666 0.0875
0 0.9383333333333334 0.16375 0.08 0.0975
0 0.8591666666666666 0.15875 0.07166666666666667 0.0975
0 0.7791666666666667 0.16 0.065 0.09
0 0.7008333333333333 0.16 0.065 0.09
0 0.6158333333333333 0.1675 0.055 0.095
0 0.9691666666666666 0.05 0.06166666666666667 0.085
0 0.8958333333333334 0.05 0.07166666666666667 0.09
0 0.7416666666666667 0.05875 0.07333333333333333 0.0975
0 0.6575 0.06 0.065 0.105
0 0.8091666666666667 0.06 0.058333333333333334 0.08
0 0.5791666666666667 0.06125 0.06166666666666667 0.0825
0 0.4608333333333333 0.16125 0.06166666666666667 0.0975
0 0.37833333333333335 0.16875 0.07 0.0975
0 0.49833333333333335 0.05125 0.07 0.1025
0 0.41333333333333333 0.05375 0.06333333333333334 0.0925
0 0.33 0.0575 0.06 0.08
0 0.2608333333333333 0.06375 0.065 0.0975
0 0.215 0.1625 0.07333333333333333 0.1
0 0.13666666666666666 0.17125 0.06666666666666667 0.0875
0 0.17666666666666667 0.05 0.07666666666666666 0.1
0 0.030833333333333334 0.0725 0.06166666666666667 0.085
0 0.1 0.06625 0.03666666666666667 0.0575
0 0.04416666666666667 0.8525 0.06833333333333333 0.11
