0 0.35603345280764637 0.4532520325203252 0.035842293906810034 0.06910569105691057
0 0.35005973715651134 0.6666666666666666 0.035842293906810034 0.06097560975609756
0 0.35244922341696533 0.7845528455284553 0.043010752688172046 0.08943089430894309
0 0.35005973715651134 0.907520325203252 0.02867383512544803 0.06300813008130081
0 0.3602150537634409 0.3800813008130081 0.03942652329749104 0.06504065040650407
0 0.45340501792114696 0.35264227642276424 0.037037037037037035 0.0508130081300813
0 0.4080047789725209 0.36890243902439024 0.02986857825567503 0.042682926829268296
0 0.4127837514934289 0.45121951219512196 0.037037037037037035 0.052845528455284556
0 0.4540023894862604 0.2703252032520325 0.035842293906810034 0.06504065040650407
0 0.3996415770609319 0.9613821138211383 0.03225806451612903 0.07723577235772358
0 0.44623655913978494 0.891260162601626 0.03464755077658303 0.0508130081300813
0 0.491636798088411 0.9451219512195121 0.02986857825567503 0.052845528455284556
0 0.44205495818399043 0.7693089430894309 0.038231780167264036 0.06707317073170732
0 0.44504181600955794 0.657520325203252 0.027479091995221028 0.042682926829268296
0 0.44504181600955794 0.5599593495934959 0.022700119474313024 0.03861788617886179
0 0.4074074074074074 0.5477642276422764 0.035842293906810034 0.05894308943089431
0 0.4050179211469534 0.2804878048780488 0.04778972520908005 0.08943089430894309
0 0.45340501792114696 0.4715447154471545 0.02031063321385902 0.04065040650406504
0 0.5854241338112306 0.04878048780487805 0.06451612903225806 0.0975609756097561
0 0.5316606929510155 0.13922764227642276 0.054958183990442055 0.08739837398373984
0 0.525089605734767 0.2682926829268293 0.04898446833930705 0.09349593495934959
0 0.5244922341696535 0.4136178861788618 0.05017921146953405 0.07926829268292683
0 0.5830346475507766 0.46239837398373984 0.04540023894862605 0.08333333333333333
0 0.5244922341696535 0.5447154471544715 0.054958183990442055 0.08943089430894309
0 0.5197132616487455 0.681910569105691 0.04778972520908005 0.08739837398373984
0 0.6021505376344086 0.6341463414634146 0.052568697729988054 0.08536585365853659
0 0.6589008363201911 0.5497967479674797 0.03942652329749104 0.07926829268292683
0 0.6660692951015532 0.39227642276422764 0.03942652329749104 0.06910569105691057
0 0.5931899641577061 0.3252032520325203 0.04898446833930705 0.08943089430894309
0 0.5967741935483871 0.18292682926829268 0.053763440860215055 0.10569105691056911
0 0.6571087216248507 0.11280487804878049 0.054958183990442055 0.10772357723577236
0 0.6547192353643967 0.25 0.052568697729988054 0.08943089430894309
0 0.6630824372759857 0.6849593495934959 0.05017921146953405 0.08943089430894309
0 0.6009557945041816 0.7845528455284553 0.06451612903225806 0.10569105691056911
0 0.529868578255675 0.8536585365853658 0.04659498207885305 0.07723577235772358
0 0.6099163679808841 0.9237804878048781 0.04898446833930705 0.09552845528455285
0 0.6702508960573477 0.8140243902439024 0.05973715651135006 0.10365853658536585
0 0.6720430107526881 0.9715447154471545 0.04898446833930705 0.056910569105691054
0 0.7407407407407407 0.9563008130081301 0.05973715651135006 0.08739837398373984
0 0.8094384707287933 0.9542682926829268 0.053763440860215055 0.09146341463414634
0 0.8064516129032258 0.8252032520325203 0.052568697729988054 0.07723577235772358
0 0.7455197132616488 0.834349593495935 0.04540023894862605 0.07520325203252033
0 0.7425328554360813 0.7225609756097561 0.06093189964157706 0.07926829268292683
0 0.8028673835125448 0.7032520325203252 0.04540023894862605 0.07317073170731707
0 0.7974910394265233 0.5945121951219512 0.04420549581839905 0.08333333333333333
0 0.7467144563918757 0.5914634146341463 0.05734767025089606 0.08943089430894309
0 0.7455197132616488 0.4928861788617886 0.04778972520908005 0.08739837398373984
0 0.7939068100358423 0.4806910569105691 0.04659498207885305 0.06300813008130081
0 0.7921146953405018 0.3638211382113821 0.043010752688172046 0.07723577235772358
0 0.7317801672640383 0.3719512195121951 0.03464755077658303 0.052845528455284556
0 0.7377538829151732 0.2571138211382114 0.06571087216248507 0.08333333333333333
0 0.7915173237753883 0.24390243902439024 0.053763440860215055 0.09349593495934959
0 0.7891278375149343 0.11788617886178862 0.06093189964157706 0.10569105691056911
0 0.7431302270011948 0.11991869918699187 0.06451612903225806 0.11382113821138211
0 0.8661887694145759 0.061991869918699184 0.06212664277180406 0.12398373983739837
0 0.9324970131421745 0.052845528455284556 0.05137395459976105 0.07317073170731707
0 0.977299880525687 0.09146341463414634 0.04540023894862605 0.09349593495934959
0 0.97610513739546 0.21341463414634146 0.04778972520908005 0.06910569105691057
0 0.9277180406212664 0.1798780487804878 0.02986857825567503 0.07113821138211382
0 0.9366786140979689 0.2967479674796748 0.03345280764635603 0.052845528455284556
0 0.9802867383512545 0.3465447154471545 0.03942652329749104 0.08739837398373984
0 0.931899641577061 0.44410569105691056 0.03345280764635603 0.042682926829268296
0 0.8637992831541219 0.22357723577235772 0.07168458781362007 0.1016260162601626
0 0.8590203106332138 0.3485772357723577 0.05973715651135006 0.09146341463414634
0 0.8608124253285544 0.47560975609756095 0.056152927120669056 0.09349593495934959
0 0.8793309438470729 0.6219512195121951 0.05973715651135006 0.1016260162601626
0 0.9432497013142175 0.5782520325203252 0.04181600955794504 0.054878048780487805
0 0.973715651135006 0.49898373983739835 0.052568697729988054 0.09552845528455285
0 0.8805256869772998 0.7591463414634146 0.052568697729988054 0.10365853658536585
0 0.946236559139785 0.7184959349593496 0.03345280764635603 0.07113821138211382
0 0.97610513739546 0.6392276422764228 0.04778972520908005 0.07113821138211382
0 0.8918757467144564 0.8800813008130082 0.08482676224611709 0.13008130081300814
0 0.038231780167264036 0.05894308943089431 0.07646356033452807 0.10569105691056911
0 0.12007168458781362 0.046747967479674794 0.05854241338112306 0.09349593495934959
0 0.2060931899641577 0.04065040650406504 0.056152927120669056 0.08130081300813008
0 0.27299880525686976 0.032520325203252036 0.05137395459976105 0.06504065040650407
0 0.011350059737156512 0.18699186991869918 0.022700119474313024 0.06097560975609756
0 0.05137395459976105 0.18191056910569106 0.05973715651135006 0.07520325203252033
0 0.12724014336917563 0.17276422764227642 0.04898446833930705 0.06910569105691057
0 0.1983273596176822 0.16260162601626016 0.04540023894862605 0.07317073170731707
0 0.28255675029868577 0.1565040650406504 0.06571087216248507 0.08536585365853659
0 0.12485065710872162 0.3150406504065041 0.04659498207885305 0.06504065040650407
0 0.04838709677419355 0.3282520325203252 0.05137395459976105 0.07113821138211382
0 0.1959378733572282 0.31402439024390244 0.05017921146953405 0.07113821138211382
0 0.27837514934289126 0.3008130081300813 0.043010752688172046 0.06504065040650407
0 0.04898446833930705 0.43191056910569103 0.04062126642771804 0.05894308943089431
0 0.12903225806451613 0.4380081300813008 0.038231780167264036 0.06300813008130081
0 0.2007168458781362 0.4268292682926829 0.043010752688172046 0.06097560975609756
0 0.2694145758661888 0.4349593495934959 0.04659498207885305 0.06504065040650407
0 0.04420549581839905 0.5762195121951219 0.054958183990442055 0.08739837398373984
0 0.11887694145758662 0.5548780487804879 0.05137395459976105 0.08536585365853659
0 0.1875746714456392 0.5355691056910569 0.04062126642771804 0.07113821138211382
0 0.25686977299880526 0.5376016260162602 0.04062126642771804 0.0508130081300813
0 0.04121863799283154 0.7164634146341463 0.05137395459976105 0.06707317073170732
0 0.12246117084826762 0.7032520325203252 0.04898446833930705 0.06910569105691057
0 0.18936678614097968 0.6839430894308943 0.03942652329749104 0.07520325203252033
0 0.25627240143369173 0.6747967479674797 0.04181600955794504 0.07723577235772358
0 0.11648745519713262 0.8221544715447154 0.04898446833930705 0.07520325203252033
0 0.1875746714456392 0.8109756097560976 0.04062126642771804 0.056910569105691054
0 0.24910394265232974 0.806910569105691 0.05137395459976105 0.06910569105691057
0 0.03046594982078853 0.9725609756097561 0.04420549581839905 0.054878048780487805
0 0.11051373954599761 0.9695121951219512 0.05854241338112306 0.06097560975609756
0 0.1816009557945042 0.9532520325203252 0.04540023894862605 0.07317073170731707
0 0.24790919952210275 0.9603658536585366 0.04181600955794504 0.07926829268292683
0 0.3602150537634409 0.061991869918699184 0.02986857825567503 0.06707317073170732
0 0.46117084826762245 0.08130081300813008 0.05017921146953405 0.07723577235772358
0 0.4121863799283154 0.054878048780487805 0.05973715651135006 0.10975609756097561
0 0.3578255675029869 0.19004065040650406 0.04181600955794504 0.07520325203252033
0 0.4062126642771804 0.17784552845528456 0.04778972520908005 0.08739837398373984
0 0.460573476702509 0.17276422764227642 0.04420549581839905 0.07317073170731707
0 0.3602150537634409 0.29065040650406504 0.03225806451612903 0.06504065040650407
0 0.35424133811230585 0.5558943089430894 0.02986857825567503 0.0508130081300813
