0 0.5491666666666667 0.06140350877192982 0.045 0.09273182957393483
0 0.45916666666666667 0.03884711779448621 0.04833333333333333 0.07268170426065163
0 0.37333333333333335 0.03132832080200501 0.05 0.06265664160401002
0 0.14333333333333334 0.18671679197994986 0.04666666666666667 0.06766917293233082
0 0.215 0.08897243107769423 0.056666666666666664 0.08771929824561403
0 0.21583333333333332 0.21177944862155387 0.041666666666666664 0.06766917293233082
0 0.20166666666666666 0.32205513784461154 0.05333333333333334 0.07268170426065163
0 0.20583333333333334 0.48621553884711777 0.045 0.06015037593984962
0 0.1475 0.6140350877192983 0.045 0.06015037593984962
0 0.13 0.7644110275689223 0.043333333333333335 0.06516290726817042
0 0.105 0.9172932330827067 0.06666666666666667 0.08521303258145363
0 0.2125 0.9373433583959899 0.051666666666666666 0.08521303258145363
0 0.20666666666666667 0.7919799498746867 0.056666666666666664 0.07518796992481203
0 0.20416666666666666 0.6340852130325815 0.04833333333333333 0.07017543859649122
0 0.2875 0.10401002506265664 0.055 0.07769423558897243
0 0.2925 0.23684210526315788 0.045 0.07268170426065163
0 0.29 0.35964912280701755 0.043333333333333335 0.05764411027568922
0 0.29833333333333334 0.5213032581453634 0.04666666666666667 0.06516290726817042
0 0.2991666666666667 0.6741854636591479 0.03833333333333333 0.08020050125313283
0 0.30416666666666664 0.8107769423558897 0.055 0.06766917293233082
0 0.3075 0.9523809523809523 0.055 0.08521303258145363
0 0.39916666666666667 0.9674185463659147 0.041666666666666664 0.06516290726817042
0 0.4825 0.9736842105263158 0.045 0.05263157894736842
0 0.56 0.9799498746867168 0.05333333333333334 0.040100250626566414
0 0.5675 0.8771929824561403 0.06166666666666667 0.11528822055137844
0 0.48333333333333334 0.8458646616541353 0.03666666666666667 0.05764411027568922
0 0.3925 0.8345864661654135 0.051666666666666666 0.07017543859649122
0 0.5641666666666667 0.7456140350877193 0.051666666666666666 0.08270676691729323
0 0.48 0.7142857142857143 0.05 0.07017543859649122
0 0.3975 0.6979949874686717 0.04833333333333333 0.07268170426065163
0 0.3908333333333333 0.543859649122807 0.04833333333333333 0.06015037593984962
0 0.47833333333333333 0.5802005012531328 0.043333333333333335 0.06766917293233082
0 0.5608333333333333 0.6102756892230576 0.045 0.07268170426065163
0 0.38333333333333336 0.40225563909774437 0.05 0.06766917293233082
0 0.4708333333333333 0.43609022556390975 0.035 0.06015037593984962
0 0.56 0.46867167919799496 0.04666666666666667 0.07518796992481203
0 0.38666666666666666 0.2706766917293233 0.043333333333333335 0.06516290726817042
0 0.4666666666666667 0.2932330827067669 0.043333333333333335 0.06516290726817042
0 0.5516666666666666 0.3258145363408521 0.05 0.08020050125313283
0 0.37916666666666665 0.13032581453634084 0.04833333333333333 0.07518796992481203
0 0.4625 0.15789473684210525 0.055 0.08020050125313283
0 0.5441666666666667 0.17919799498746866 0.051666666666666666 0.06766917293233082
0 0.2841666666666667 0.022556390977443608 0.045 0.045112781954887216
