0 0.02251572327044025 0.7413619590741362 0.0450314465408805 0.06910432740691043
0 0.11220125786163522 0.7383428379738343 0.05584905660377359 0.05233143240523314
0 0.2028930817610063 0.7244213351224421 0.046037735849056606 0.06407245890640724
0 0.29823899371069185 0.7167058034216706 0.04855345911949686 0.06474337470647434
0 0.3836477987421384 0.7058034216705803 0.04025157232704402 0.03622945320362295
0 0.4720754716981132 0.706809795370681 0.0440251572327044 0.04562227440456223
0 0.4767295597484277 0.8206977524320698 0.04578616352201258 0.06273062730627306
0 0.3905660377358491 0.8414961422341496 0.031949685534591196 0.08285810130828582
0 0.2922012578616352 0.8393156658839316 0.03949685534591195 0.0556860114055686
0 0.19622641509433963 0.8438443475343844 0.05383647798742138 0.05065414290506542
0 0.1090566037735849 0.8579335793357934 0.04905660377358491 0.07816169070781617
0 0.018364779874213838 0.8560885608856088 0.036729559748427676 0.07447165380744716
0 0.016477987421383646 0.9805434417980543 0.03295597484276729 0.038913116403891314
0 0.10088050314465409 0.9701442468970144 0.043270440251572326 0.05971150620597115
0 0.19937106918238995 0.9684669573968467 0.05308176100628931 0.0630660852063066
0 0.2787421383647799 0.9582354914458235 0.04025157232704402 0.0600469641060047
0 0.3769811320754717 0.9480040254948005 0.05710691823899371 0.07380073800738007
0 0.4680503144654088 0.9458235491445823 0.05710691823899371 0.08554176450855418
0 0.5574842767295598 0.7108352901710835 0.04578616352201258 0.0556860114055686
0 0.5558490566037736 0.8173431734317343 0.03446540880503145 0.07614894330761489
0 0.6446540880503144 0.8171754444817175 0.03547169811320755 0.05166051660516605
0 0.8122012578616352 0.810130828581013 0.06364779874213837 0.061724253606172425
0 0.8989937106918239 0.8045957732304596 0.06817610062893081 0.07413619590741362
0 0.9754716981132076 0.7990607178799061 0.04905660377358491 0.05434417980543442
0 0.9757232704402515 0.9215028513921503 0.04855345911949686 0.0798389802079839
0 0.8927044025157232 0.9283797383428379 0.05308176100628931 0.09023817510902382
0 0.8123270440251572 0.9240187856424019 0.04477987421383648 0.07078161690707817
0 0.7277987421383648 0.9334116068433411 0.03069182389937107 0.04998322710499832
0 0.6450314465408805 0.9347534384434754 0.03924528301886793 0.06273062730627306
0 0.5513207547169812 0.9313988594431399 0.028427672955974842 0.04797047970479705
0 0.9844025157232704 0.5776585038577658 0.03119496855345912 0.06776249580677625
0 0.979748427672956 0.6938946662193894 0.04050314465408805 0.06340154310634015
0 0.9035220125786163 0.7039584032203958 0.06716981132075471 0.06273062730627306
0 0.8193710691823899 0.7011070110701108 0.03924528301886793 0.07581348540758134
0 0.7309433962264151 0.7009392821200939 0.04452830188679245 0.07950352230795035
0 0.6462893081761006 0.7032874874203288 0.04427672955974843 0.07279436430727944
0 0.8208805031446541 0.5847031197584703 0.04779874213836478 0.0798389802079839
0 0.7328301886792453 0.5796712512579671 0.03471698113207547 0.07111707480711171
0 0.6471698113207547 0.6021469305602147 0.03245283018867925 0.05098960080509896
0 0.5616352201257861 0.5914122777591412 0.038490566037735846 0.07380073800738007
0 0.560503144654088 0.483730291848373 0.04226415094339623 0.0556860114055686
0 0.6450314465408805 0.48054344179805436 0.042767295597484274 0.06943978530694397
0 0.7244025157232704 0.4753438443475344 0.03949685534591195 0.048976853404897686
0 0.8184905660377358 0.4677960415967796 0.04955974842767295 0.056021469305602145
0 0.9031446540880503 0.4738342837973834 0.06440251572327044 0.06071787990607179
0 0.9771069182389938 0.46863468634686345 0.04578616352201258 0.06709158000670916
0 0.560503144654088 0.3656491110365649 0.028176100628930816 0.038913116403891314
0 0.6523270440251573 0.36246226098624623 0.04427672955974843 0.0680979537068098
0 0.729937106918239 0.3614558872861456 0.05308176100628931 0.04595773230459577
0 0.8071698113207547 0.35994632673599464 0.03748427672955975 0.05702784300570279
0 0.9074213836477988 0.3575981214357598 0.052830188679245285 0.06507883260650789
0 0.9757232704402515 0.3547467292854747 0.04855345911949686 0.0754780275075478
0 0.9828930817610063 0.23918148272391815 0.03421383647798742 0.06574974840657498
0 0.8997484276729559 0.2544448171754445 0.04 0.04662864810466286
0 0.819874213836478 0.24521972492452196 0.04628930817610063 0.0798389802079839
0 0.739119496855346 0.2549480040254948 0.04779874213836478 0.04428044280442804
0 0.8945911949685534 0.5862126803086213 0.04226415094339623 0.07816169070781617
0 0.7309433962264151 0.8119758470311976 0.03748427672955975 0.04864139550486414
0 0.6555974842767296 0.2519288829251929 0.03471698113207547 0.0637370010063737
0 0.5709433962264151 0.24991613552499162 0.04452830188679245 0.05098960080509896
0 0.5719496855345912 0.13401543106340155 0.041006289308176104 0.055350553505535055
0 0.5677987421383648 0.024152968802415298 0.040754716981132075 0.048305937604830596
0 0.6568553459119497 0.024823884602482388 0.04427672955974843 0.049647769204964776
0 0.6562264150943397 0.13133176786313316 0.035974842767295595 0.07145253270714526
0 0.7327044025157232 0.13200268366320028 0.0369811320754717 0.06071787990607179
0 0.7369811320754717 0.020127474002012747 0.0440251572327044 0.040254948004025494
0 0.829685534591195 0.02214022140221402 0.03723270440251572 0.04428044280442804
0 0.8157232704402516 0.13334451526333446 0.04251572327044025 0.07480711170748071
0 0.9096855345911949 0.1434082522643408 0.04477987421383648 0.054008721905400875
0 0.9835220125786164 0.1294867494129487 0.03295597484276729 0.05702784300570279
0 0.98062893081761 0.02264340825226434 0.038742138364779875 0.04528681650452868
0 0.9109433962264151 0.02079838980207984 0.04628930817610063 0.04159677960415968
0 0.3057861635220126 0.017611539751761152 0.047547169811320754 0.035223079503522305
0 0.10729559748427674 0.019456558201945657 0.03547169811320755 0.038913116403891314
0 0.2080503144654088 0.024656155652465615 0.03723270440251572 0.04931231130493123
0 0.01710691823899371 0.1268030862126803 0.03421383647798742 0.06843341160684334
0 0.12264150943396226 0.1187520966118752 0.06062893081761006 0.050318685005031866
0 0.20955974842767294 0.13653136531365315 0.052830188679245285 0.0556860114055686
0 0.2953459119496855 0.13133176786313316 0.038742138364779875 0.0680979537068098
0 0.3929559748427673 0.1424018785642402 0.03522012578616352 0.056021469305602145
0 0.023270440251572325 0.37839651123783963 0.04654088050314465 0.07111707480711171
0 0.023018867924528303 0.254780275075478 0.046037735849056606 0.0593760483059376
0 0.024528301886792454 0.49983227104998323 0.04905660377358491 0.06977524320697752
0 0.02289308176100629 0.6252935256625294 0.04578616352201258 0.07312982220731298
0 0.11333333333333333 0.6164038913116404 0.03748427672955975 0.028513921502851394
0 0.11144654088050314 0.4884267024488427 0.03723270440251572 0.07044615900704461
0 0.11169811320754718 0.37235826903723585 0.04930817610062893 0.07044615900704461
0 0.11823899371069183 0.25276752767527677 0.05584905660377359 0.07413619590741362
0 0.2049056603773585 0.26266353572626633 0.04855345911949686 0.06977524320697752
0 0.30150943396226415 0.25259979872526 0.04855345911949686 0.06574974840657498
0 0.39433962264150946 0.2549480040254948 0.04050314465408805 0.06910432740691043
0 0.40050314465408804 0.028681650452868166 0.04176100628930818 0.05736330090573633
0 0.4812578616352201 0.1330090573633009 0.02918238993710692 0.06407245890640724
0 0.48062893081761004 0.2531029855753103 0.0389937106918239 0.05065414290506542
0 0.2119496855345912 0.3731969137873197 0.052578616352201256 0.05803421670580342
0 0.29748427672955974 0.3688359610868836 0.0369811320754717 0.04797047970479705
0 0.39220125786163523 0.3668232136866823 0.03119496855345912 0.054679637705467965
0 0.4830188679245283 0.3696746058369675 0.03924528301886793 0.04696410600469641
0 0.2069182389937107 0.4887621603488762 0.046037735849056606 0.061053337806105334
0 0.29836477987421384 0.4884267024488427 0.03522012578616352 0.04495135860449514
0 0.3886792452830189 0.4857430392485743 0.03421383647798742 0.07044615900704461
0 0.4758490566037736 0.4859107681985911 0.0379874213836478 0.06474337470647434
0 0.48377358490566036 0.5927541093592754 0.04628930817610063 0.05501509560550151
0 0.38842767295597486 0.6033210332103321 0.038742138364779875 0.043944984904394496
0 0.2969811320754717 0.6075142569607515 0.03949685534591195 0.05836967460583697
0 0.20364779874213837 0.6145588728614559 0.05559748427672956 0.05434417980543442
