0 0.5387024048096193 0.23696524064171123 0.051352705410821646 0.07954545454545454
0 0.15480961923847694 0.05915775401069519 0.03156312625250501 0.045454545454545456
0 0.2211923847695391 0.07570187165775401 0.029559118236472944 0.03977272727272727
0 0.15668837675350702 0.1398729946524064 0.03532064128256513 0.05447860962566845
0 0.28970440881763526 0.10177139037433156 0.019789579158316632 0.03442513368983957
0 0.3372995991983968 0.027239304812834226 0.03281563126252505 0.04979946524064171
0 0.2374749498997996 0.17329545454545456 0.03807615230460922 0.04979946524064171
0 0.3562124248496994 0.11380347593582887 0.03507014028056112 0.05247326203208556
0 0.4133266533066132 0.03225267379679144 0.04759519038076152 0.06450534759358288
0 0.31124749498997994 0.19435160427807488 0.03882765531062124 0.057820855614973264
0 0.24185871743486975 0.2600267379679144 0.026803607214428857 0.03609625668449198
0 0.17046593186372747 0.24181149732620322 0.029809619238476952 0.03108288770053476
0 0.0999498997995992 0.2137366310160428 0.06012024048096192 0.05247326203208556
0 0.01377755511022044 0.18850267379679145 0.02755511022044088 0.038101604278074866
0 0.026678356713426853 0.2807486631016043 0.047344689378757514 0.052807486631016046
0 0.10546092184368737 0.3048128342245989 0.051603206412825654 0.07419786096256685
0 0.17747995991983967 0.3181818181818182 0.04483967935871744 0.06684491978609626
0 0.03907815631262525 0.38235294117647056 0.059619238476953905 0.06216577540106952
0 0.19739478957915832 0.43365641711229946 0.05460921843687375 0.06316844919786097
0 0.11685871743486974 0.4070855614973262 0.04834669338677355 0.06149732620320856
0 0.38652304609218435 0.21457219251336898 0.031062124248496994 0.04946524064171123
0 0.43687374749499 0.13519385026737968 0.03907815631262525 0.061831550802139035
0 0.5244238476953907 0.15056818181818182 0.056362725450901804 0.0731951871657754
0 0.4818386773547094 0.32670454545454547 0.05035070140280561 0.0625
0 0.4212174348697395 0.40357620320855614 0.049849699398797596 0.06316844919786097
0 0.3530811623246493 0.37232620320855614 0.04934869739478958 0.051470588235294115
0 0.32853206412825653 0.2824197860962567 0.02530060120240481 0.034759358288770054
0 0.04809619238476954 0.4852941176470588 0.06312625250501001 0.07152406417112299
0 0.12587675350701402 0.5105280748663101 0.06187374749498998 0.0785427807486631
0 0.06700901803607215 0.5912433155080213 0.053356713426853705 0.08221925133689839
0 0.15430861723446893 0.6149732620320856 0.05511022044088176 0.0661764705882353
0 0.21943887775551102 0.5404411764705882 0.05410821643286573 0.07085561497326204
0 0.28870240480961923 0.4612299465240642 0.04333667334669339 0.07018716577540107
0 0.36811122244488975 0.49364973262032086 0.053356713426853705 0.06885026737967914
0 0.2962174348697395 0.5678475935828877 0.043837675350701405 0.07219251336898395
0 0.23208917835671342 0.6458890374331551 0.05185370741482966 0.07921122994652406
0 0.08228957915831664 0.7135695187165776 0.05285571142284569 0.06550802139037433
0 0.1650801603206413 0.7357954545454546 0.041082164328657314 0.05314171122994652
0 0.25087675350701405 0.7670454545454546 0.05435871743486974 0.04879679144385027
0 0.3241482965931864 0.6886697860962567 0.036072144288577156 0.0625
0 0.2722945891783567 0.9009024064171123 0.036072144288577156 0.04512032085561497
0 0.344063126252505 0.8078208556149733 0.026803607214428857 0.03409090909090909
0 0.4125751503006012 0.709725935828877 0.05060120240480962 0.06316844919786097
0 0.38013527054108215 0.5930815508021391 0.05285571142284569 0.06383689839572193
0 0.5385771543086172 0.5332553475935828 0.045591182364729456 0.0678475935828877
0 0.44814629258517036 0.5023395721925134 0.04308617234468938 0.07286096256684492
0 0.468311623246493 0.6109625668449198 0.03582164328657315 0.06350267379679145
0 0.46092184368737477 0.9679144385026738 0.06012024048096192 0.06417112299465241
0 0.565506012024048 0.9592245989304813 0.05035070140280561 0.05080213903743316
0 0.5284318637274549 0.8788435828877005 0.0718937875751503 0.06584224598930481
0 0.4936122244488978 0.7433155080213903 0.049849699398797596 0.05013368983957219
0 0.5913076152304609 0.7633689839572193 0.0593687374749499 0.07887700534759358
0 0.6238727454909819 0.8925467914438503 0.06938877755511022 0.09324866310160428
0 0.6196142284569138 0.5731951871657754 0.054859719438877755 0.0661764705882353
0 0.44225951903807614 0.8497660427807486 0.028807615230460923 0.041109625668449196
0 0.5206663326653307 0.4298128342245989 0.049849699398797596 0.04946524064171123
0 0.5676352705410822 0.3482620320855615 0.04759519038076152 0.0481283422459893
0 0.594689378757515 0.4552139037433155 0.03356713426853707 0.0427807486631016
0 0.686623246492986 0.4742647058823529 0.04408817635270541 0.03877005347593583
0 0.6630761523046093 0.3744986631016043 0.0435871743486974 0.04979946524064171
0 0.8481963927855711 0.23495989304812834 0.05410821643286573 0.06216577540106952
0 0.6764779559118237 0.18733288770053477 0.03532064128256513 0.05381016042780749
0 0.7644038076152304 0.2063836898395722 0.025801603206412827 0.03977272727272727
0 0.7055360721442886 0.30531417112299464 0.03982965931863727 0.06049465240641711
0 0.7969689378757515 0.3119986631016043 0.037825651302605214 0.055815508021390375
0 0.8881513026052105 0.3360628342245989 0.051352705410821646 0.056483957219251334
0 0.842059118236473 0.4263034759358289 0.045841683366733464 0.05314171122994652
0 0.939003006012024 0.2635360962566845 0.026803607214428857 0.035093582887700536
0 0.9800851703406813 0.3532754010695187 0.03982965931863727 0.05481283422459893
0 0.9214679358717435 0.44685828877005346 0.04884769539078156 0.0748663101604278
0 0.7770541082164328 0.504177807486631 0.0435871743486974 0.05848930481283422
0 0.8783817635270541 0.5329211229946524 0.054859719438877755 0.05247326203208556
0 0.9577905811623246 0.5569852941176471 0.04784569138276553 0.06717914438502674
0 0.8208917835671342 0.6273395721925134 0.04458917835671343 0.06550802139037433
0 0.9169589178356713 0.6549131016042781 0.05836673346693387 0.07185828877005347
0 0.719814629258517 0.60076871657754 0.06037074148296593 0.0678475935828877
0 0.6585671342685371 0.683322192513369 0.04959919839679359 0.0571524064171123
0 0.7618987975951904 0.7192513368983957 0.0593687374749499 0.06751336898395723
0 0.8518286573146293 0.736129679144385 0.05686372745490982 0.0999331550802139
0 0.9559118236472945 0.7733957219251337 0.039579158316633264 0.06283422459893048
0 0.9031813627254509 0.8763368983957219 0.06838677354709419 0.08155080213903744
0 0.8320390781563126 0.9712566844919787 0.053356713426853705 0.05748663101604278
0 0.7870741482965932 0.8422459893048129 0.06212424849699399 0.08622994652406417
0 0.6907565130260521 0.8128342245989305 0.06187374749498998 0.07018716577540107
0 0.6122244488977956 0.2842580213903743 0.04158316633266533 0.03910427807486631
0 0.9860971943887775 0.9127673796791443 0.02780561122244489 0.07219251336898395
