0 0.42663378545006164 0.6839430894308943 0.10850801479654747 0.16463414634146342
0 0.9173859432799013 0.6880081300813008 0.08384710234278668 0.16056910569105692
0 0.9136868064118372 0.47865853658536583 0.10850801479654747 0.16463414634146342
0 0.9044389642416769 0.26727642276422764 0.10234278668310727 0.16463414634146342
0 0.8945745992601726 0.09451219512195122 0.10480887792848335 0.1565040650406504
0 0.9112207151664612 0.9054878048780488 0.11344019728729964 0.18902439024390244
0 0.7361282367447596 0.08130081300813008 0.09864364981504316 0.16260162601626016
0 0.5770653514180024 0.27540650406504064 0.11837237977805179 0.18089430894308944
0 0.5832305795314426 0.47865853658536583 0.10110974106041924 0.17682926829268292
0 0.5893958076448829 0.6747967479674797 0.10850801479654747 0.1910569105691057
0 0.5900123304562269 0.9034552845528455 0.09494451294697903 0.1524390243902439
0 0.4210850801479655 0.8963414634146342 0.10974106041923551 0.17479674796747968
0 0.5752157829839704 0.08434959349593496 0.1220715166461159 0.16869918699186992
0 0.4254007398273736 0.4878048780487805 0.11344019728729964 0.18699186991869918
0 0.40998766954377314 0.266260162601626 0.10974106041923551 0.16260162601626016
0 0.41738594327990136 0.08028455284552846 0.11220715166461159 0.1524390243902439
0 0.2558569667077682 0.08333333333333333 0.11220715166461159 0.15853658536585366
0 0.25154130702836003 0.2774390243902439 0.1159062885326757 0.18089430894308944
0 0.2527743526510481 0.47459349593495936 0.1060419235511714 0.19715447154471544
0 0.750924784217016 0.2865853658536585 0.09864364981504316 0.18292682926829268
0 0.25030826140567203 0.6961382113821138 0.09864364981504316 0.13211382113821138
0 0.2558569667077682 0.8963414634146342 0.10974106041923551 0.17073170731707318
0 0.08446362515413071 0.9065040650406504 0.12453760789149199 0.17886178861788618
0 0.07891491985203453 0.7083333333333334 0.09617755856966707 0.1443089430894309
0 0.07768187422934648 0.4878048780487805 0.09617755856966707 0.15853658536585366
0 0.08692971639950678 0.28353658536585363 0.10480887792848335 0.16463414634146342
0 0.07829839704069051 0.09146341463414634 0.11960542540073983 0.18292682926829268
0 0.7404438964241677 0.4715447154471545 0.10974106041923551 0.16666666666666666
0 0.752157829839704 0.6869918699186992 0.11837237977805179 0.17886178861788618
0 0.7595561035758323 0.8953252032520326 0.10850801479654747 0.17276422764227642
