0 0.9666893269884432 0.9658163265306122 0.06662134602311352 0.06836734693877551
0 0.9289598912304555 0.8790816326530613 0.07273963290278722 0.08673469387755102
0 0.8545207341944255 0.8673469387755102 0.05982324949014276 0.0673469387755102
0 0.7777022433718559 0.8678571428571429 0.06254248810333107 0.09081632653061225
0 0.7066621346023113 0.875 0.06458191706322229 0.09285714285714286
0 0.7471108089734875 0.7678571428571429 0.06934058463630184 0.09285714285714286
0 0.8246091094493542 0.763265306122449 0.06934058463630184 0.1
0 0.8973487423521413 0.763265306122449 0.06390210740992522 0.07755102040816327
0 0.9694085656016316 0.7698979591836734 0.061182868796736914 0.09897959183673469
0 0.9405166553365057 0.6627551020408163 0.05914343983684568 0.0826530612244898
0 0.8589394969408566 0.6581632653061225 0.06322229775662815 0.07142857142857142
0 0.7777022433718559 0.6530612244897959 0.04486743711760707 0.05918367346938776
0 0.8946295037389531 0.5581632653061225 0.06662134602311352 0.07142857142857142
0 0.9367777022433719 0.4448979591836735 0.06390210740992522 0.07551020408163266
0 0.8633582596872875 0.4413265306122449 0.05166553365057784 0.07448979591836735
0 0.7505098572399728 0.3280612244897959 0.07070020394289599 0.09693877551020408
0 0.9007477906186268 0.3295918367346939 0.06526172671651938 0.09387755102040816
0 0.9738273283480625 0.3392857142857143 0.052345343303874914 0.0826530612244898
0 0.7063222297756628 0.22448979591836735 0.06254248810333107 0.09183673469387756
0 0.7872195785180149 0.22142857142857142 0.06390210740992522 0.0836734693877551
0 0.8647178789938818 0.22193877551020408 0.06390210740992522 0.09081632653061225
0 0.929299796057104 0.2316326530612245 0.05846363018354861 0.08163265306122448
0 0.9724677090414684 0.11683673469387755 0.055064581917063225 0.08469387755102041
0 0.9041468388851122 0.11377551020408164 0.07749830047586675 0.10306122448979592
0 0.8263086335825969 0.11173469387755101 0.06458191706322229 0.09693877551020408
0 0.7515295717199184 0.11275510204081633 0.07002039428959891 0.09285714285714286
0 0.8218898708361658 0.3346938775510204 0.05710401087695445 0.07142857142857142
0 0.061862678450033994 0.10561224489795919 0.07613868116927261 0.09489795918367347
0 0.13256288239293 0.09948979591836735 0.05846363018354861 0.09081632653061225
0 0.22161794697484705 0.10663265306122449 0.05166553365057784 0.07040816326530612
0 0.2885791978246091 0.1 0.06458191706322229 0.08979591836734693
0 0.3650577838205302 0.10204081632653061 0.05982324949014276 0.09387755102040816
0 0.438137321549966 0.10918367346938776 0.06730115567641061 0.09591836734693877
0 0.5186947654656696 0.10714285714285714 0.06390210740992522 0.08775510204081632
0 0.5968728755948335 0.10306122448979592 0.06254248810333107 0.09591836734693877
0 0.6713120326308634 0.1076530612244898 0.06458191706322229 0.09489795918367347
0 0.6403806934058464 0.20612244897959184 0.07341944255608429 0.1
0 0.552345343303875 0.21326530612244898 0.05098572399728076 0.08775510204081632
0 0.4772263766145479 0.20816326530612245 0.05982324949014276 0.08163265306122448
0 0.3987083616587356 0.20918367346938777 0.06458191706322229 0.10408163265306122
0 0.3222297756628144 0.21224489795918366 0.0557443915703603 0.08163265306122448
0 0.24813052345343303 0.21071428571428572 0.05710401087695445 0.08673469387755102
0 0.16961250849762066 0.20612244897959184 0.06594153636981645 0.09387755102040816
0 0.09517335146159075 0.2096938775510204 0.06798096532970768 0.09489795918367347
0 0.056084296397008834 0.3137755102040816 0.06594153636981645 0.09081632653061225
0 0.12848402447314752 0.3112244897959184 0.061182868796736914 0.08775510204081632
0 0.20598232494901428 0.3122448979591837 0.061182868796736914 0.09795918367346938
0 0.2804214819850442 0.3142857142857143 0.07138001359619306 0.09795918367346938
0 0.3575798776342624 0.3193877551020408 0.0557443915703603 0.09387755102040816
0 0.43337865397688646 0.3168367346938776 0.07002039428959891 0.09081632653061225
0 0.5152957171991842 0.3229591836734694 0.061182868796736914 0.09081632653061225
0 0.5968728755948335 0.32653061224489793 0.061182868796736914 0.09591836734693877
0 0.6658735554044868 0.32755102040816325 0.06458191706322229 0.08979591836734693
0 0.6312032630863358 0.4270408163265306 0.05098572399728076 0.07040816326530612
0 0.5496261046906866 0.42397959183673467 0.060503059143439834 0.08673469387755102
0 0.47620666213460233 0.4418367346938776 0.053704962610469066 0.07346938775510205
0 0.3973487423521414 0.42959183673469387 0.053704962610469066 0.0836734693877551
0 0.31985044187627465 0.41989795918367345 0.061862678450033994 0.08877551020408163
0 0.2423521414004079 0.42346938775510207 0.06322229775662815 0.07755102040816327
0 0.1699524133242692 0.4270408163265306 0.05846363018354861 0.07040816326530612
0 0.09483344663494221 0.42244897959183675 0.061862678450033994 0.07755102040816327
0 0.028552005438477225 0.20918367346938777 0.05710401087695445 0.08571428571428572
0 0.028552005438477225 0.41683673469387755 0.05710401087695445 0.09489795918367347
0 0.049966009517335146 0.5326530612244897 0.07002039428959891 0.09387755102040816
0 0.1274643099932019 0.5285714285714286 0.07409925220938138 0.09387755102040816
0 0.2848402447314752 0.5392857142857143 0.06934058463630184 0.10306122448979592
0 0.2063222297756628 0.536734693877551 0.06594153636981645 0.09387755102040816
0 0.3589394969408566 0.5346938775510204 0.06390210740992522 0.1
0 0.4405166553365058 0.5290816326530612 0.05982324949014276 0.0826530612244898
0 0.5101971447994561 0.5413265306122449 0.055064581917063225 0.08469387755102041
0 0.5958531611148878 0.5448979591836735 0.06594153636981645 0.08979591836734693
0 0.672331747110809 0.5413265306122449 0.06254248810333107 0.08877551020408163
0 0.7515295717199184 0.5571428571428572 0.05778382053025153 0.09387755102040816
0 0.818150917743032 0.5403061224489796 0.060503059143439834 0.0826530612244898
0 0.787899388171312 0.4357142857142857 0.06390210740992522 0.1
0 0.7093813732154997 0.4326530612244898 0.055064581917063225 0.08979591836734693
0 0.023113528212100613 0.6326530612244898 0.046227056424201225 0.07755102040816327
0 0.04520734194425561 0.7418367346938776 0.07953772943575799 0.1
0 0.026852481305234533 0.8510204081632653 0.053704962610469066 0.07346938775510205
0 0.049966009517335146 0.9556122448979592 0.06458191706322229 0.08877551020408163
0 0.0893949694085656 0.8438775510204082 0.07138001359619306 0.07959183673469387
0 0.13256288239293 0.7448979591836735 0.06798096532970768 0.08979591836734693
0 0.09347382732834807 0.6362244897959184 0.06322229775662815 0.0826530612244898
0 0.16349422161794697 0.6285714285714286 0.06730115567641061 0.0836734693877551
0 0.24473147518694766 0.6418367346938776 0.05710401087695445 0.09183673469387756
0 0.20156356220258329 0.7413265306122448 0.053704962610469066 0.07653061224489796
0 0.16145479265805573 0.8464285714285714 0.05778382053025153 0.08877551020408163
0 0.13664174031271245 0.963265306122449 0.054384772263766146 0.06938775510204082
0 0.1991842284160435 0.9556122448979592 0.06798096532970768 0.08877551020408163
0 0.2763426240652617 0.7438775510204082 0.06458191706322229 0.08979591836734693
0 0.31373215499660095 0.6428571428571429 0.060503059143439834 0.09591836734693877
0 0.39598912304554723 0.6448979591836734 0.06730115567641061 0.0836734693877551
0 0.35520054384772265 0.7494897959183674 0.07409925220938138 0.09489795918367347
0 0.3167912984364378 0.8556122448979592 0.05710401087695445 0.09489795918367347
0 0.3531611148878314 0.9607142857142857 0.05778382053025153 0.07857142857142857
0 0.3912304554724677 0.8561224489795919 0.05778382053025153 0.07959183673469387
0 0.4326988443235894 0.7556122448979592 0.06866077498300475 0.11122448979591837
0 0.46532970768184906 0.648469387755102 0.045547246770904146 0.07448979591836735
0 0.5472467709041469 0.6510204081632653 0.06390210740992522 0.09591836734693877
0 0.5129163834126444 0.7551020408163265 0.06322229775662815 0.09183673469387756
0 0.4738273283480625 0.8612244897959184 0.061182868796736914 0.07959183673469387
0 0.43031951053704964 0.9663265306122449 0.05982324949014276 0.0673469387755102
0 0.5091774303195106 0.9612244897959183 0.06254248810333107 0.07755102040816327
0 0.5509857239972807 0.8663265306122448 0.06322229775662815 0.09387755102040816
0 0.5914343983684568 0.7668367346938776 0.06662134602311352 0.09081632653061225
0 0.6291638341264446 0.6520408163265307 0.06594153636981645 0.09183673469387756
0 0.7066621346023113 0.6515306122448979 0.055064581917063225 0.08061224489795918
0 0.6651937457511896 0.7627551020408163 0.06594153636981645 0.09081632653061225
0 0.6254248810333106 0.8683673469387755 0.05846363018354861 0.0836734693877551
0 0.5832766825288919 0.963265306122449 0.054384772263766146 0.07346938775510205
0 0.6563562202583276 0.9612244897959183 0.06594153636981645 0.07755102040816327
0 0.7382732834806254 0.9653061224489796 0.06934058463630184 0.06938775510204082
0 0.8140720598232495 0.963265306122449 0.06322229775662815 0.07346938775510205
0 0.8898708361658736 0.9693877551020408 0.07749830047586675 0.061224489795918366
