0 0.493125 0.009333333333333334 0.01275 0.018666666666666668
0 0.54175 0.010333333333333333 0.019 0.020666666666666667
0 0.561 0.019166666666666665 0.0165 0.021666666666666667
0 0.583625 0.009166666666666667 0.01375 0.018333333333333333
0 0.107875 0.006166666666666667 0.01275 0.012333333333333333
0 0.099375 0.8966666666666666 0.04575 0.056666666666666664
0 0.01925 0.9613333333333334 0.0385 0.07333333333333333
0 0.189625 0.8061666666666667 0.05075 0.060333333333333336
0 0.268625 0.736 0.05125 0.059333333333333335
0 0.339875 0.6725 0.05225 0.044333333333333336
0 0.40575 0.613 0.0385 0.046
0 0.458125 0.5663333333333334 0.02825 0.042666666666666665
0 0.510625 0.5238333333333334 0.03975 0.04566666666666667
0 0.55325 0.47883333333333333 0.0355 0.035
0 0.599125 0.4483333333333333 0.03575 0.04066666666666666
0 0.63775 0.4046666666666667 0.0355 0.038
0 0.7055 0.3423333333333333 0.028 0.034
0 0.676 0.37583333333333335 0.0255 0.043666666666666666
0 0.738625 0.315 0.03475 0.030666666666666665
0 0.765875 0.2891666666666667 0.02525 0.033666666666666664
0 0.800625 0.2623333333333333 0.02925 0.029333333333333333
0 0.82 0.23516666666666666 0.0325 0.030333333333333334
0 0.84975 0.21183333333333335 0.0345 0.03966666666666667
0 0.133 0.9746666666666667 0.0505 0.050666666666666665
0 0.224375 0.8971666666666667 0.04625 0.06633333333333333
0 0.38075 0.752 0.0385 0.06066666666666667
0 0.444375 0.6875 0.03575 0.060333333333333336
0 0.50175 0.629 0.034 0.058666666666666666
0 0.54975 0.576 0.0365 0.05533333333333333
0 0.595875 0.5338333333333334 0.02225 0.042333333333333334
0 0.643625 0.489 0.03575 0.042
0 0.682875 0.45216666666666666 0.02025 0.035
0 0.716125 0.4226666666666667 0.02325 0.023333333333333334
0 0.757 0.38066666666666665 0.034 0.04066666666666666
0 0.785 0.3485 0.0305 0.033666666666666664
0 0.8125 0.3205 0.0305 0.039
0 0.84575 0.2936666666666667 0.0345 0.034666666666666665
0 0.864375 0.26033333333333336 0.03275 0.03666666666666667
0 0.897625 0.238 0.02975 0.035333333333333335
0 0.91725 0.21266666666666667 0.0375 0.03266666666666666
0 0.274375 0.9791666666666666 0.05075 0.041666666666666664
0 0.361125 0.9061666666666667 0.04125 0.07766666666666666
0 0.427375 0.8351666666666666 0.03775 0.051666666666666666
0 0.494625 0.752 0.03675 0.058
0 0.54975 0.6973333333333334 0.0465 0.04533333333333334
0 0.597 0.6383333333333333 0.039 0.04533333333333334
0 0.649125 0.5901666666666666 0.03775 0.04566666666666667
0 0.69025 0.5446666666666666 0.0385 0.042
0 0.725625 0.497 0.03475 0.04066666666666666
0 0.766375 0.4568333333333333 0.03425 0.03966666666666667
0 0.8005 0.4226666666666667 0.0385 0.032
0 0.83125 0.38966666666666666 0.025 0.03
0 0.860125 0.351 0.03275 0.042
0 0.891375 0.32233333333333336 0.03325 0.034
0 0.914 0.2966666666666667 0.0345 0.03133333333333333
0 0.94225 0.2658333333333333 0.039 0.035666666666666666
0 0.961875 0.2395 0.03175 0.037
0 0.985875 0.21433333333333332 0.02825 0.03
0 0.938875 0.189 0.03225 0.032
0 0.404875 0.9863333333333333 0.05025 0.027333333333333334
0 0.481625 0.9236666666666666 0.04175 0.068
0 0.548625 0.8455 0.04875 0.058333333333333334
0 0.616375 0.7763333333333333 0.04475 0.04133333333333333
0 0.658625 0.7091666666666666 0.03725 0.052333333333333336
0 0.70575 0.6498333333333334 0.0425 0.052333333333333336
0 0.743 0.5925 0.0435 0.041
0 0.792375 0.5406666666666666 0.02825 0.043333333333333335
0 0.822 0.5036666666666667 0.037 0.04533333333333334
0 0.8535 0.461 0.035 0.050666666666666665
0 0.88725 0.42716666666666664 0.038 0.03966666666666667
0 0.909 0.39216666666666666 0.03 0.041
0 0.938125 0.355 0.03975 0.042
0 0.969125 0.3235 0.04425 0.03966666666666667
0 0.98525 0.2901666666666667 0.0295 0.034333333333333334
0 0.6105 0.9306666666666666 0.06 0.08533333333333333
0 0.6735 0.8606666666666667 0.0355 0.051333333333333335
0 0.71875 0.7808333333333334 0.051 0.06366666666666666
0 0.770625 0.7178333333333333 0.04825 0.049
0 0.8115 0.6625 0.048 0.047
0 0.847375 0.6123333333333333 0.05025 0.04
0 0.88625 0.5541666666666667 0.049 0.04833333333333333
0 0.91575 0.5113333333333333 0.0435 0.038
0 0.947 0.4648333333333333 0.042 0.047
0 0.97675 0.43783333333333335 0.032 0.030333333333333334
0 0.987 0.39366666666666666 0.026 0.042666666666666665
0 0.745125 0.9353333333333333 0.05375 0.07933333333333334
0 0.79275 0.867 0.0675 0.07
0 0.841875 0.781 0.03125 0.04666666666666667
0 0.877 0.731 0.0515 0.052
0 0.9145 0.6626666666666666 0.051 0.05733333333333333
0 0.94425 0.6093333333333333 0.0535 0.05733333333333333
0 0.976 0.5608333333333333 0.045 0.045
0 0.874875 0.9563333333333334 0.05975 0.084
0 0.95325 0.7918333333333333 0.0525 0.059666666666666666
0 0.98025 0.7258333333333333 0.0395 0.05633333333333333
0 0.91575 0.8791666666666667 0.0495 0.07833333333333334
0 0.072375 0.7791666666666667 0.04575 0.051666666666666666
0 0.01975 0.641 0.0395 0.048666666666666664
0 0.039625 0.7143333333333334 0.03625 0.04733333333333333
0 0.156375 0.719 0.04875 0.056666666666666664
0 0.124125 0.6526666666666666 0.04775 0.059333333333333335
0 0.202125 0.5901666666666666 0.04425 0.051
0 0.228375 0.6678333333333333 0.04875 0.051666666666666666
0 0.3 0.6076666666666667 0.039 0.050666666666666665
0 0.2625 0.5478333333333333 0.0385 0.036333333333333336
0 0.328 0.5033333333333333 0.036 0.03333333333333333
0 0.418 0.5106666666666667 0.036 0.034
0 0.36075 0.553 0.036 0.037333333333333336
0 0.42425 0.4246666666666667 0.0355 0.036
0 0.463125 0.474 0.03425 0.038
0 0.51475 0.43266666666666664 0.0265 0.03666666666666667
0 0.475625 0.39216666666666666 0.03375 0.036333333333333336
0 0.56225 0.395 0.024 0.03666666666666667
0 0.59625 0.37083333333333335 0.035 0.029
0 0.56075 0.3345 0.0225 0.027
0 0.594125 0.30516666666666664 0.02525 0.031
0 0.63 0.3396666666666667 0.026 0.03133333333333333
0 0.628625 0.2785 0.02925 0.026333333333333334
0 0.66875 0.30866666666666664 0.0295 0.034
0 0.65675 0.254 0.0295 0.029333333333333333
0 0.697 0.288 0.026 0.029333333333333333
0 0.690375 0.232 0.02675 0.03
0 0.753625 0.23583333333333334 0.02875 0.033
0 0.7165 0.20733333333333334 0.027 0.028
0 0.727125 0.25616666666666665 0.02975 0.034333333333333334
0 0.783 0.21383333333333332 0.031 0.027666666666666666
0 0.74525 0.18783333333333332 0.029 0.033
0 0.7705 0.16833333333333333 0.0275 0.02666666666666667
0 0.811125 0.18416666666666667 0.02125 0.03166666666666667
0 0.829375 0.16883333333333334 0.02475 0.033
0 0.79725 0.147 0.024 0.028666666666666667
0 0.818875 0.12666666666666668 0.02325 0.02666666666666667
0 0.859 0.14633333333333334 0.03 0.034
0 0.873375 0.18583333333333332 0.02875 0.034333333333333334
0 0.89625 0.16583333333333333 0.024 0.033
0 0.95925 0.16833333333333333 0.0225 0.027333333333333334
0 0.98525 0.14533333333333334 0.024 0.03
0 0.9195 0.14666666666666667 0.027 0.032
0 0.938375 0.12633333333333333 0.02125 0.028666666666666667
0 0.88175 0.1245 0.021 0.029666666666666668
0 0.84025 0.10516666666666667 0.026 0.028333333333333332
0 0.863125 0.08666666666666667 0.02775 0.024666666666666667
0 0.901 0.10633333333333334 0.024 0.027333333333333334
0 0.9605 0.10733333333333334 0.028 0.02666666666666667
0 0.97475 0.08733333333333333 0.017 0.026
0 0.99075 0.07416666666666667 0.0185 0.023
0 0.92 0.08783333333333333 0.022 0.024333333333333332
0 0.88925 0.0735 0.0155 0.019
0 0.938375 0.0715 0.02225 0.028333333333333332
0 0.903125 0.05433333333333333 0.01975 0.02
0 0.9575 0.05383333333333333 0.024 0.023666666666666666
0 0.9755 0.04066666666666666 0.017 0.024666666666666667
0 0.9875 0.027 0.025 0.02
0 0.919375 0.037 0.01875 0.024
0 0.939625 0.026333333333333334 0.01925 0.018666666666666668
0 0.9535 0.011 0.0225 0.022
0 0.103 0.5821666666666667 0.028 0.039
0 0.078375 0.5268333333333334 0.03925 0.041666666666666664
0 0.048375 0.4746666666666667 0.04425 0.04066666666666666
0 0.021375 0.43133333333333335 0.02425 0.028666666666666667
0 0.0095 0.38183333333333336 0.019 0.030333333333333334
0 0.067125 0.3511666666666667 0.03775 0.025666666666666667
0 0.090875 0.3965 0.03675 0.041
0 0.141125 0.48133333333333334 0.03525 0.035333333333333335
0 0.119125 0.4375 0.04025 0.035
0 0.17475 0.5395 0.031 0.043
0 0.0465 0.31216666666666665 0.021 0.031
0 0.03075 0.2805 0.0305 0.025666666666666667
0 0.01225 0.24583333333333332 0.0245 0.029666666666666668
0 0.232375 0.496 0.02625 0.034
0 0.204 0.44616666666666666 0.0395 0.03833333333333333
0 0.174875 0.4023333333333333 0.02225 0.025333333333333333
0 0.1515 0.35983333333333334 0.0335 0.03166666666666667
0 0.125125 0.3243333333333333 0.02825 0.030666666666666665
0 0.10975 0.2811666666666667 0.03 0.028333333333333332
0 0.092375 0.2575 0.01775 0.023666666666666666
0 0.0655 0.2225 0.0255 0.023
0 0.049 0.19416666666666665 0.019 0.024333333333333332
0 0.037375 0.17083333333333334 0.02775 0.029
0 0.023875 0.14633333333333334 0.02175 0.028
0 0.00725 0.11916666666666667 0.0145 0.035
0 0.011625 0.049166666666666664 0.02325 0.030333333333333334
0 0.017375 0.059333333333333335 0.01975 0.018666666666666668
0 0.028875 0.074 0.01925 0.021333333333333333
0 0.05475 0.10933333333333334 0.027 0.02266666666666667
0 0.071875 0.13133333333333333 0.02075 0.025333333333333333
0 0.083875 0.15616666666666668 0.02125 0.023
0 0.1045 0.1775 0.019 0.021666666666666667
0 0.123125 0.20383333333333334 0.02225 0.029666666666666668
0 0.15775 0.264 0.0195 0.023333333333333334
0 0.142125 0.233 0.02825 0.028666666666666667
0 0.18675 0.29533333333333334 0.0235 0.03133333333333333
0 0.205875 0.3303333333333333 0.02875 0.036
0 0.22875 0.36966666666666664 0.032 0.03266666666666666
0 0.262375 0.4065 0.02375 0.037
0 0.28875 0.45166666666666666 0.031 0.044
0 0.035 0.018666666666666668 0.0195 0.02
0 0.046875 0.030333333333333334 0.01775 0.015333333333333332
0 0.055875 0.04883333333333333 0.01625 0.023666666666666666
0 0.072125 0.0625 0.01975 0.019
0 0.084125 0.08083333333333333 0.02075 0.024333333333333332
0 0.103875 0.09866666666666667 0.02075 0.022
0 0.114 0.11683333333333333 0.0185 0.023
0 0.134375 0.139 0.02225 0.026
0 0.151375 0.15916666666666668 0.01575 0.023666666666666666
0 0.1685 0.18533333333333332 0.0265 0.02666666666666667
0 0.188625 0.21066666666666667 0.01375 0.022
0 0.213 0.23966666666666667 0.0205 0.028
0 0.234375 0.2695 0.02325 0.03166666666666667
0 0.261125 0.3005 0.01775 0.03166666666666667
0 0.283 0.33516666666666667 0.0315 0.029666666666666668
0 0.34725 0.4196666666666667 0.03 0.028666666666666667
0 0.31525 0.37183333333333335 0.0325 0.034333333333333334
0 0.114625 0.048666666666666664 0.01675 0.021333333333333333
0 0.095625 0.0325 0.01925 0.019
0 0.12875 0.06516666666666666 0.0195 0.021666666666666667
0 0.13875 0.08316666666666667 0.0205 0.024333333333333332
0 0.15675 0.10466666666666667 0.018 0.02666666666666667
0 0.179625 0.1255 0.01825 0.017666666666666667
0 0.19325 0.14533333333333334 0.0185 0.02266666666666667
0 0.230625 0.19316666666666665 0.01825 0.024333333333333332
0 0.208375 0.1705 0.01975 0.027666666666666666
0 0.254125 0.21816666666666668 0.02225 0.024333333333333332
0 0.28025 0.246 0.0155 0.024
0 0.305375 0.2743333333333333 0.02225 0.027333333333333334
0 0.331 0.30916666666666665 0.0215 0.03166666666666667
0 0.360875 0.3436666666666667 0.03175 0.030666666666666665
0 0.392625 0.38516666666666666 0.02775 0.035
0 0.44275 0.3516666666666667 0.0295 0.04066666666666666
0 0.405 0.31383333333333335 0.0295 0.030333333333333334
0 0.374375 0.2816666666666667 0.01975 0.028666666666666667
0 0.346125 0.25516666666666665 0.02425 0.027666666666666666
0 0.320875 0.2225 0.02275 0.023666666666666666
0 0.296375 0.19583333333333333 0.02375 0.027
0 0.2795 0.1755 0.02 0.024333333333333332
0 0.234375 0.13116666666666665 0.01625 0.022333333333333334
0 0.263875 0.154 0.01275 0.018
0 0.218 0.11083333333333334 0.0235 0.022333333333333334
0 0.2025 0.09183333333333334 0.014 0.019666666666666666
0 0.182125 0.0745 0.01575 0.018333333333333333
0 0.1665 0.0535 0.0155 0.019
0 0.14975 0.03866666666666667 0.0195 0.020666666666666667
0 0.1355 0.024 0.0155 0.018666666666666668
0 0.1255 0.010833333333333334 0.0115 0.013666666666666667
0 0.07475 0.009 0.017 0.018
0 0.48025 0.3253333333333333 0.03 0.03933333333333333
0 0.4495 0.291 0.0325 0.03266666666666666
0 0.4135 0.26416666666666666 0.023 0.029666666666666668
0 0.359625 0.20666666666666667 0.01575 0.02266666666666667
0 0.338125 0.1795 0.02125 0.021
0 0.31875 0.15883333333333333 0.0175 0.019
0 0.293 0.1375 0.019 0.025
0 0.274875 0.11866666666666667 0.02125 0.022
0 0.23775 0.08283333333333333 0.0135 0.017666666666666667
0 0.256125 0.10066666666666667 0.01075 0.014
0 0.217375 0.0645 0.01525 0.01633333333333333
0 0.20225 0.044833333333333336 0.017 0.019666666666666666
0 0.186625 0.028833333333333332 0.01725 0.017
0 0.171875 0.017333333333333333 0.01625 0.019333333333333334
0 0.160625 0.007333333333333333 0.01225 0.014666666666666666
0 0.38825 0.23016666666666666 0.0205 0.025
0 0.208875 0.01 0.01675 0.02
0 0.220625 0.022333333333333334 0.01525 0.016666666666666666
0 0.239 0.035833333333333335 0.018 0.02033333333333333
0 0.2585 0.05316666666666667 0.0145 0.018333333333333333
0 0.270375 0.0705 0.01725 0.017
0 0.2875 0.08983333333333333 0.01 0.015
0 0.309125 0.1085 0.01225 0.015
0 0.3535 0.14366666666666666 0.0165 0.023333333333333334
0 0.378 0.16683333333333333 0.0205 0.021666666666666667
0 0.404625 0.18516666666666667 0.02075 0.024333333333333332
0 0.4285 0.21016666666666667 0.0195 0.027
0 0.45475 0.24283333333333335 0.024 0.026333333333333334
0 0.48625 0.2648333333333333 0.027 0.027
0 0.5225 0.2991666666666667 0.0265 0.026333333333333334
0 0.562125 0.27116666666666667 0.01775 0.034333333333333334
0 0.493875 0.216 0.01625 0.025333333333333333
0 0.521375 0.2425 0.02525 0.027
0 0.464625 0.1905 0.02125 0.027
0 0.43475 0.16766666666666666 0.021 0.024
0 0.4115 0.1485 0.018 0.023
0 0.39125 0.12716666666666668 0.021 0.022333333333333334
0 0.365375 0.108 0.01675 0.018
0 0.346 0.0905 0.0185 0.024333333333333332
0 0.32175 0.07666666666666666 0.013 0.016
0 0.28825 0.042 0.02 0.020666666666666667
0 0.305375 0.057666666666666665 0.01275 0.018
0 0.268875 0.025 0.01975 0.019333333333333334
0 0.25425 0.014666666666666666 0.014 0.02
0 0.284375 0.008 0.01025 0.016
0 0.30075 0.019666666666666666 0.016 0.019333333333333334
0 0.318375 0.03166666666666667 0.01725 0.018666666666666668
0 0.335625 0.046 0.01475 0.02266666666666667
0 0.355375 0.06283333333333334 0.01725 0.019
0 0.377 0.078 0.018 0.018
0 0.3985 0.09566666666666666 0.0165 0.021333333333333333
0 0.41875 0.11333333333333333 0.0155 0.020666666666666667
0 0.446625 0.13116666666666665 0.01975 0.024333333333333332
0 0.46975 0.15216666666666667 0.0225 0.022333333333333334
0 0.496 0.172 0.0215 0.025333333333333333
0 0.52625 0.19866666666666666 0.0215 0.024666666666666667
0 0.558875 0.22083333333333333 0.02275 0.026333333333333334
0 0.594 0.2465 0.0295 0.030333333333333334
0 0.62625 0.22883333333333333 0.0245 0.027666666666666666
0 0.653875 0.20583333333333334 0.02475 0.029
0 0.709 0.16666666666666666 0.018 0.020666666666666667
0 0.682375 0.18516666666666667 0.01925 0.031
0 0.7345 0.149 0.023 0.03266666666666666
0 0.785125 0.1075 0.02175 0.027
0 0.76075 0.12683333333333333 0.017 0.029
0 0.80875 0.09 0.022 0.024666666666666667
0 0.850375 0.05633333333333333 0.01475 0.020666666666666667
0 0.827 0.07166666666666667 0.02 0.023333333333333334
0 0.87 0.03833333333333333 0.0195 0.026
0 0.886125 0.0205 0.02075 0.021666666666666667
0 0.90325 0.010666666666666666 0.017 0.021333333333333333
0 0.589 0.20216666666666666 0.024 0.024333333333333332
0 0.62075 0.1835 0.024 0.029
0 0.649125 0.1645 0.02925 0.030333333333333334
0 0.6765 0.14666666666666667 0.0255 0.028666666666666667
0 0.7015 0.12633333333333333 0.027 0.03133333333333333
0 0.729625 0.10683333333333334 0.02225 0.029666666666666668
0 0.751375 0.09066666666666667 0.02225 0.026
0 0.775125 0.0725 0.01875 0.023666666666666666
0 0.798375 0.055 0.01775 0.02666666666666667
0 0.819625 0.0385 0.01875 0.025
0 0.83875 0.023333333333333334 0.0175 0.022
0 0.854375 0.011333333333333334 0.01875 0.02266666666666667
0 0.555625 0.181 0.02225 0.023333333333333334
0 0.590875 0.15833333333333333 0.01925 0.022
0 0.6175 0.14533333333333334 0.0205 0.025333333333333333
0 0.644 0.12583333333333332 0.0235 0.025666666666666667
0 0.66975 0.10716666666666666 0.025 0.029
0 0.69475 0.091 0.023 0.030666666666666665
0 0.72 0.07333333333333333 0.023 0.024666666666666667
0 0.741625 0.057 0.02175 0.025333333333333333
0 0.7845 0.023166666666666665 0.0215 0.024333333333333332
0 0.762 0.04 0.014 0.024666666666666667
0 0.806125 0.011333333333333334 0.01675 0.02266666666666667
0 0.55925 0.14033333333333334 0.0215 0.02666666666666667
0 0.532875 0.15683333333333332 0.01325 0.023
0 0.588 0.1235 0.0185 0.023666666666666666
0 0.614 0.10816666666666666 0.0195 0.029
0 0.6405 0.0945 0.0175 0.027
0 0.664875 0.07583333333333334 0.01675 0.023666666666666666
0 0.68775 0.058166666666666665 0.0195 0.022333333333333334
0 0.71225 0.04083333333333333 0.022 0.022333333333333334
0 0.733125 0.023333333333333334 0.01775 0.02266666666666667
0 0.755375 0.012 0.01975 0.024
0 0.50325 0.13616666666666666 0.0235 0.023
0 0.53375 0.12183333333333334 0.018 0.024333333333333332
0 0.55875 0.10666666666666667 0.0215 0.022
0 0.587 0.09216666666666666 0.0195 0.024333333333333332
0 0.609375 0.08016666666666666 0.01525 0.024333333333333332
0 0.639875 0.061 0.02025 0.024666666666666667
0 0.662875 0.0455 0.01675 0.028333333333333332
0 0.685625 0.027833333333333335 0.01975 0.021666666666666667
0 0.7065 0.013333333333333334 0.02 0.022
0 0.4735 0.11716666666666667 0.0185 0.02033333333333333
0 0.5035 0.10266666666666667 0.02 0.021333333333333333
0 0.531125 0.0895 0.01675 0.024333333333333332
0 0.561875 0.07516666666666667 0.01975 0.023
0 0.58525 0.06133333333333333 0.0175 0.023333333333333334
0 0.633 0.03266666666666666 0.0135 0.024
0 0.659125 0.016833333333333332 0.02225 0.024333333333333332
0 0.61025 0.04683333333333333 0.017 0.024333333333333332
0 0.45225 0.09966666666666667 0.0225 0.018666666666666668
0 0.48 0.08716666666666667 0.0115 0.019
0 0.511625 0.07283333333333333 0.02225 0.02033333333333333
0 0.5365 0.059833333333333336 0.022 0.025
0 0.56275 0.04616666666666667 0.021 0.027
0 0.587875 0.03283333333333333 0.02025 0.023666666666666666
0 0.610875 0.018833333333333334 0.02175 0.025
0 0.633 0.007166666666666667 0.014 0.014333333333333333
0 0.330375 0.012333333333333333 0.01725 0.020666666666666667
0 0.34425 0.02266666666666667 0.016 0.014666666666666666
0 0.366625 0.037 0.01375 0.020666666666666667
0 0.388875 0.05 0.01825 0.021333333333333333
0 0.433 0.08383333333333333 0.015 0.019666666666666666
0 0.409625 0.06583333333333333 0.01325 0.018333333333333333
0 0.45425 0.0705 0.0155 0.017666666666666667
0 0.4335 0.0545 0.02 0.023666666666666666
0 0.416125 0.03916666666666667 0.01875 0.023
0 0.396 0.027666666666666666 0.0155 0.018
0 0.377 0.017833333333333333 0.019 0.019
0 0.36125 0.008833333333333334 0.018 0.017666666666666667
0 0.4025 0.009666666666666667 0.015 0.019333333333333334
0 0.42475 0.018833333333333334 0.016 0.023
0 0.44425 0.0315 0.018 0.018333333333333333
0 0.462375 0.04416666666666667 0.01675 0.023666666666666666
0 0.486875 0.058166666666666665 0.01625 0.022333333333333334
0 0.448875 0.009 0.01375 0.018
0 0.470875 0.021166666666666667 0.01575 0.019
0 0.48925 0.031 0.018 0.023333333333333334
0 0.51325 0.04666666666666667 0.0205 0.021333333333333333
0 0.5385 0.034166666666666665 0.0185 0.022333333333333334
0 0.51325 0.02 0.015 0.017333333333333333
