0 0.6558441558441559 0.7655298416565165 0.09577922077922078 0.12058465286236297
0 0.5349025974025974 0.8885505481120585 0.09902597402597403 0.13276492082825822
0 0.40584415584415584 0.9750304506699148 0.08928571428571429 0.049939098660170524
0 0.2077922077922078 0.9141291108404385 0.1185064935064935 0.17174177831912302
0 0.33238636363636365 0.8105968331303288 0.0836038961038961 0.13032886723507917
0 0.4590097402597403 0.6985383678440926 0.10146103896103896 0.12302070645554203
0 0.578327922077922 0.5925700365408039 0.08847402597402597 0.13276492082825822
0 0.698051948051948 0.5036540803897686 0.08766233766233766 0.09866017052375152
0 0.8031655844155844 0.39037758830694275 0.09496753246753246 0.10353227771010962
0 0.9054383116883117 0.29598051157125455 0.08685064935064934 0.09500609013398295
0 0.9224837662337663 0.052984165651644335 0.09172077922077922 0.10596833130328867
0 0.8311688311688312 0.13215590742996347 0.0633116883116883 0.09378806333739342
0 0.7252435064935064 0.2289890377588307 0.07386363636363637 0.1218026796589525
0 0.6193181818181818 0.21498172959805115 0.0633116883116883 0.09135200974421437
0 0.6022727272727273 0.3404384896467722 0.09253246753246754 0.13520097442143728
0 0.5089285714285714 0.4287454323995128 0.10714285714285714 0.12667478684531058
0 0.393262987012987 0.5395858708891595 0.08035714285714286 0.1315468940316687
0 0.28165584415584416 0.6425091352009744 0.11525974025974026 0.13032886723507917
0 0.1578733766233766 0.7521315468940317 0.09821428571428571 0.14981729598051158
0 0.04626623376623377 0.8696711327649208 0.09253246753246754 0.13398294762484775
0 0.08603896103896104 0.5858708891595615 0.10064935064935066 0.12423873325213154
0 0.2122564935064935 0.4713763702801462 0.0836038961038961 0.12911084043848964
0 0.3137175324675325 0.3702801461632156 0.09334415584415584 0.1364190012180268
0 0.43506493506493504 0.2673568818514007 0.08603896103896104 0.13520097442143728
0 0.538961038961039 0.1753958587088916 0.06168831168831169 0.11693057247259439
0 0.6501623376623377 0.0779537149817296 0.0762987012987013 0.1023142509135201
0 0.7564935064935064 0.024360535931790498 0.07142857142857142 0.048721071863580996
0 0.47483766233766234 0.049939098660170524 0.07954545454545454 0.09987819732034105
0 0.3157467532467532 0.026187576126674786 0.05194805194805195 0.05237515225334957
0 0.37662337662337664 0.13337393422655297 0.0762987012987013 0.10840438489646773
0 0.35064935064935066 0.243605359317905 0.06168831168831169 0.09500609013398295
0 0.26136363636363635 0.2271619975639464 0.05357142857142857 0.10596833130328867
0 0.15300324675324675 0.32460414129110843 0.09172077922077922 0.11571254567600488
0 0.04667207792207792 0.42021924482338613 0.09334415584415584 0.12423873325213154
0 0.022727272727272728 0.2679658952496955 0.045454545454545456 0.11936662606577345
0 0.10470779220779221 0.1881851400730816 0.06655844155844155 0.07186358099878197
0 0.9699675324675324 0.7320341047503045 0.060064935064935064 0.09987819732034105
0 0.2012987012987013 0.07551766138855055 0.07467532467532467 0.1315468940316687
0 0.8530844155844156 0.8599269183922046 0.08928571428571429 0.1218026796589525
0 0.7418831168831169 0.9488428745432399 0.09090909090909091 0.1023142509135201
0 0.03896103896103896 0.0438489646772229 0.07792207792207792 0.0876979293544458
0 0.9671266233766234 0.4464068209500609 0.06574675324675325 0.10109622411693057
0 0.8766233766233766 0.5651644336175395 0.1038961038961039 0.09744214372716199
0 0.7832792207792207 0.6735688185140073 0.07954545454545454 0.1071863580998782
0 0.015422077922077922 0.6583434835566383 0.030844155844155844 0.11814859926918392
0 0.9862012987012987 0.1961023142509135 0.027597402597402596 0.0876979293544458
