0 0.7148692810457516 0.940406976744186 0.09313725490196079 0.11918604651162791
0 0.8341503267973857 0.7936046511627907 0.08660130718954248 0.16279069767441862
0 0.8978758169934641 0.6395348837209303 0.08006535947712418 0.11627906976744186
0 0.9640522875816994 0.872093023255814 0.0718954248366013 0.1511627906976744
0 0.0661764705882353 0.0436046511627907 0.04738562091503268 0.0872093023255814
0 0.21241830065359477 0.12063953488372094 0.0784313725490196 0.1308139534883721
0 0.11437908496732026 0.26744186046511625 0.0784313725490196 0.14534883720930233
0 0.035130718954248366 0.40843023255813954 0.07026143790849673 0.13662790697674418
0 0.0923202614379085 0.6511627906976745 0.09967320261437909 0.13953488372093023
0 0.18137254901960784 0.4941860465116279 0.0784313725490196 0.12790697674418605
0 0.27124183006535946 0.33430232558139533 0.08169934640522876 0.13953488372093023
0 0.35784313725490197 0.1933139534883721 0.09477124183006536 0.18313953488372092
0 0.4526143790849673 0.056686046511627904 0.0784313725490196 0.11337209302325581
0 0.6290849673202614 0.12063953488372094 0.08496732026143791 0.15988372093023256
0 0.75 0.16279069767441862 0.0718954248366013 0.12209302325581395
0 0.8880718954248366 0.04505813953488372 0.07352941176470588 0.09011627906976744
0 0.940359477124183 0.25726744186046513 0.08333333333333333 0.14825581395348839
0 0.8447712418300654 0.4258720930232558 0.10130718954248366 0.17151162790697674
0 0.7459150326797386 0.565406976744186 0.09967320261437909 0.17151162790697674
0 0.505718954248366 0.25 0.09967320261437909 0.1511627906976744
0 0.43300653594771243 0.4186046511627907 0.06862745098039216 0.12790697674418605
0 0.5694444444444444 0.4752906976744186 0.07352941176470588 0.14825581395348839
0 0.6495098039215687 0.3183139534883721 0.09640522875816994 0.17732558139534885
0 0.3349673202614379 0.5712209302325582 0.08169934640522876 0.14244186046511628
0 0.24101307189542484 0.7296511627906976 0.08986928104575163 0.1511627906976744
0 0.14297385620915032 0.8909883720930233 0.09967320261437909 0.15988372093023256
0 0.2949346405228758 0.9316860465116279 0.08660130718954248 0.13662790697674418
0 0.3954248366013072 0.8037790697674418 0.08169934640522876 0.14244186046511628
0 0.48856209150326796 0.626453488372093 0.0915032679738562 0.14244186046511628
0 0.5588235294117647 0.8793604651162791 0.08169934640522876 0.15406976744186046
0 0.6495098039215687 0.7078488372093024 0.08333333333333333 0.17151162790697674
