0 0.05357142857142857 0.06577344701583435 0.05844155844155844 0.0682095006090134
0 0.9289772727272727 0.20401948842874543 0.05113636363636364 0.06211936662606577
0 0.9342532467532467 0.2917174177831912 0.05357142857142857 0.05968331303288672
0 0.8486201298701299 0.29598051157125455 0.05113636363636364 0.06090133982947625
0 0.8388798701298701 0.20584652862362973 0.03977272727272727 0.05115712545676005
0 0.7694805194805194 0.19792935444579782 0.060064935064935064 0.05968331303288672
0 0.7621753246753247 0.3038976857490865 0.05357142857142857 0.07186358099878197
0 0.932224025974026 0.43788063337393424 0.05113636363636364 0.08891595615103533
0 0.8429383116883117 0.4232643118148599 0.04626623376623377 0.04506699147381242
0 0.7670454545454546 0.44397076735688185 0.05194805194805195 0.05481120584652863
0 0.7690746753246753 0.5481120584652862 0.04788961038961039 0.09744214372716199
0 0.8315746753246753 0.5438489646772229 0.056006493506493504 0.08647990255785627
0 0.908685064935065 0.5450669914738124 0.04788961038961039 0.047503045066991476
0 0.9788961038961039 0.5621193666260658 0.04220779220779221 0.05968331303288672
0 0.9809253246753247 0.6887941534713764 0.03814935064935065 0.07917174177831912
0 0.9232954545454546 0.6851400730816078 0.05762987012987013 0.08891595615103533
0 0.8380681818181818 0.6833130328867235 0.04301948051948052 0.0876979293544458
0 0.757711038961039 0.6717417783191231 0.056006493506493504 0.07186358099878197
0 0.765827922077922 0.7831912302070646 0.05762987012987013 0.0779537149817296
0 0.8352272727272727 0.7984165651644336 0.05357142857142857 0.07429963459196103
0 0.9224837662337663 0.8057247259439708 0.05438311688311688 0.06699147381242387
0 0.984172077922078 0.8057247259439708 0.03165584415584415 0.07673568818514007
0 0.9853896103896104 0.9171741778319124 0.02922077922077922 0.0730816077953715
0 0.9188311688311688 0.9074299634591961 0.045454545454545456 0.06577344701583435
0 0.8348214285714286 0.9244823386114495 0.04626623376623377 0.0779537149817296
0 0.7633928571428571 0.9074299634591961 0.056006493506493504 0.07064555420219244
0 0.6960227272727273 0.41839220462850185 0.05438311688311688 0.07917174177831912
0 0.6883116883116883 0.29476248477466505 0.05844155844155844 0.0682095006090134
0 0.685064935064935 0.21071863580998781 0.04707792207792208 0.0438489646772229
0 0.6943993506493507 0.9116930572472595 0.049512987012987016 0.07917174177831912
0 0.6858766233766234 0.792326431181486 0.05032467532467533 0.08404384896467722
0 0.5986201298701299 0.7764920828258222 0.04301948051948052 0.07673568818514007
0 0.622564935064935 0.9086479902557856 0.05194805194805195 0.08038976857490865
0 0.541801948051948 0.902557856272838 0.036525974025974024 0.0682095006090134
0 0.525974025974026 0.784409257003654 0.03409090909090909 0.06577344701583435
0 0.4622564935064935 0.7740560292326432 0.041396103896103896 0.08160779537149818
0 0.46063311688311687 0.902557856272838 0.04788961038961039 0.0828258221680877
0 0.3940746753246753 0.9056029232643118 0.05113636363636364 0.07186358099878197
0 0.3814935064935065 0.771619975639464 0.06168831168831169 0.07186358099878197
0 0.31290584415584416 0.7789281364190013 0.04626623376623377 0.08160779537149818
0 0.3198051948051948 0.8952496954933008 0.03896103896103896 0.07064555420219244
0 0.25040584415584416 0.8995127892813642 0.044642857142857144 0.08160779537149818
0 0.2215909090909091 0.7868453105968332 0.05519480519480519 0.0682095006090134
0 0.15706168831168832 0.7771010962241169 0.056006493506493504 0.0730816077953715
0 0.1627435064935065 0.9019488428745432 0.060876623376623376 0.049939098660170524
0 0.0872564935064935 0.9086479902557856 0.04626623376623377 0.06090133982947625
0 0.1599025974025974 0.9817295980511571 0.060064935064935064 0.03654080389768575
0 0.08441558441558442 0.98721071863581 0.032467532467532464 0.025578562728380026
0 0.019886363636363636 0.9835566382460414 0.03977272727272727 0.03288672350791717
0 0.03206168831168831 0.8873325213154689 0.05925324675324675 0.05968331303288672
0 0.017857142857142856 0.7965895249695494 0.03571428571428571 0.06333739342265529
0 0.07224025974025974 0.7868453105968332 0.056818181818181816 0.07551766138855055
0 0.07021103896103896 0.6784409257003654 0.049512987012987016 0.0779537149817296
0 0.16314935064935066 0.6827040194884287 0.045454545454545456 0.057247259439707675
0 0.2333603896103896 0.679658952496955 0.052759740259740256 0.07551766138855055
0 0.3023538961038961 0.6656516443361754 0.05438311688311688 0.07186358099878197
0 0.3721590909090909 0.6729598051157125 0.033279220779220776 0.07429963459196103
0 0.4492694805194805 0.6747868453105969 0.044642857142857144 0.0779537149817296
0 0.5247564935064936 0.6741778319123021 0.060876623376623376 0.08160779537149818
0 0.5994318181818182 0.6729598051157125 0.0625 0.06455542021924482
0 0.6785714285714286 0.6778319123020706 0.05194805194805195 0.06942752740560293
0 0.6753246753246753 0.5328867235079172 0.060064935064935064 0.05481120584652863
0 0.6083603896103896 0.5432399512789281 0.03977272727272727 0.0730816077953715
0 0.5300324675324676 0.5377588306942753 0.05194805194805195 0.07429963459196103
0 0.4492694805194805 0.5475030450669914 0.05762987012987013 0.07429963459196103
0 0.3770292207792208 0.5511571254567601 0.052759740259740256 0.07673568818514007
0 0.28165584415584416 0.5481120584652862 0.05032467532467533 0.07551766138855055
0 0.2122564935064935 0.5542021924482339 0.04788961038961039 0.06333739342265529
0 0.14082792207792208 0.5475030450669914 0.05438311688311688 0.07429963459196103
0 0.06696428571428571 0.5499390986601705 0.03814935064935065 0.08160779537149818
0 0.060876623376623376 0.4457978075517661 0.037337662337662336 0.058465286236297195
0 0.6136363636363636 0.4464068209500609 0.04707792207792208 0.05968331303288672
0 0.5340909090909091 0.4342265529841656 0.05844155844155844 0.06211936662606577
0 0.46063311688311687 0.42021924482338613 0.060876623376623376 0.08038976857490865
0 0.3741883116883117 0.4476248477466504 0.05032467532467533 0.057247259439707675
0 0.3092532467532468 0.4470158343483557 0.060064935064935064 0.048721071863580996
0 0.22077922077922077 0.43909866017052374 0.04220779220779221 0.07917174177831912
0 0.1578733766233766 0.4403166869671133 0.036525974025974024 0.05481120584652863
0 0.056006493506493504 0.30085261875761266 0.05194805194805195 0.06577344701583435
0 0.14853896103896103 0.30085261875761266 0.06168831168831169 0.048721071863580996
0 0.21996753246753248 0.30755176613885504 0.05194805194805195 0.07673568818514007
0 0.2987012987012987 0.30085261875761266 0.060064935064935064 0.0779537149817296
0 0.36688311688311687 0.30085261875761266 0.02922077922077922 0.0730816077953715
0 0.4525162337662338 0.2971985383678441 0.05113636363636364 0.07551766138855055
0 0.5401785714285714 0.2971985383678441 0.04788961038961039 0.07064555420219244
0 0.6022727272727273 0.3166869671132765 0.040584415584415584 0.0682095006090134
0 0.6063311688311688 0.18696711327649207 0.04220779220779221 0.07186358099878197
0 0.5369318181818182 0.18635809987819732 0.052759740259740256 0.0925700365408039
0 0.46469155844155846 0.1997563946406821 0.03977272727272727 0.05115712545676005
0 0.382711038961039 0.17965895249695493 0.060876623376623376 0.06942752740560293
0 0.288961038961039 0.2113276492082826 0.048701298701298704 0.049939098660170524
0 0.2159090909090909 0.19183922046285018 0.06168831168831169 0.049939098660170524
0 0.1359577922077922 0.20645554202192448 0.05762987012987013 0.06455542021924482
0 0.049107142857142856 0.1851400730816078 0.06574675324675325 0.08038976857490865
0 0.9273538961038961 0.05968331303288672 0.049512987012987016 0.05602923264311815
0 0.8494318181818182 0.06881851400730817 0.06412337662337662 0.07186358099878197
0 0.7702922077922078 0.06455542021924482 0.05357142857142857 0.06333739342265529
0 0.692775974025974 0.06638246041412911 0.04788961038961039 0.07673568818514007
0 0.6128246753246753 0.05420219244823386 0.05844155844155844 0.08404384896467722
0 0.5349025974025974 0.07003654080389768 0.04220779220779221 0.07186358099878197
0 0.4496753246753247 0.06760048721071864 0.05194805194805195 0.09135200974421437
0 0.3693181818181818 0.06942752740560293 0.048701298701298704 0.06333739342265529
0 0.2930194805194805 0.06333739342265529 0.056818181818181816 0.08038976857490865
0 0.2106331168831169 0.06211936662606577 0.0625 0.0730816077953715
0 0.13474025974025974 0.06211936662606577 0.05519480519480519 0.0876979293544458
